66102 14722 2448
75909 -90178 17322
7103
-29595 -33507
74984 -55903
-43538 -35418
4463 54234
-97999 -73863
73126 -2721
55628 73885
20641 -68531
-44840 37983
88976 23693
-40718 -28833
-57473 51685
-9379 -4685
69882 17367
-87566 -30804
82594 7642
64110 -43376
-34342 55505
-48054 13784
-89715 91523
31502 92999
56808 70468
50918 -89742
53120 -92602
-36406 -40966
40743 -84185
31279 72556
-40075 -26219
27529 -44782
-22228 18064
91148 -44091
-94353 -42651
-21375 -21939
-38915 32518
76122 -74731
-95703 -50711
-83152 37907
-34510 -76846
-2155 17328
39594 -99029
-6746 -14777
-80727 42383
73130 23586
95458 32902
-74048 23598
69751 84004
34799 70184
34029 84629
93568 43857
90558 9106
-56546 55888
60514 22660
-49507 -6032
-5641 -40660
37588 37605
-63520 20747
39821 14994
-34523 -54703
-83963 21220
82258 9752
-75692 35616
-96288 -57681
-12995 -7562
14860 -2457
-12009 89056
-2536 25116
-1202 -1561
-71628 38643
7809 82768
98538 -23440
22512 -87492
-74266 -10950
80163 72673
37322 28008
-98347 -11550
72537 -90089
20055 89852
-61206 11104
-10311 -32322
-6698 58007
-793 -85690
-2203 42618
-47136 -16901
-92014 -41240
-2203 25277
29063 28618
-99302 75364
-42005 66281
-26050 -89379
72299 40724
32343 65178
-87991 75526
-49751 -2691
-29108 -64559
-48221 21792
66432 30340
-43369 -60162
-48070 -41830
13141 -52721
-52546 -78862
-53519 -26353
6257 -48375
58992 -54689
-49976 81171
27564 -37985
-12401 -37804
-87410 45838
-2189 34992
56672 -49247
8652 -50101
2910 54949
2256 36902
-85229 38794
-87365 -46136
-55111 79445
-67071 -45332
-1440 -85059
-35523 -11410
-28788 6126
24823 96737
19138 28716
64150 -33448
22880 -79349
40582 -45033
83603 -90191
30631 -20344
59054 20979
-1158 -3812
-59007 42085
55854 14751
-47565 70017
2038 -43875
69793 -58932
44330 -83710
47586 52363
-96113 8283
19978 -30765
2841 59997
-3713 -73927
-69430 -11330
3621 82786
-88619 -80571
-34773 -23404
973 69973
53840 -48381
86032 -69976
99695 42944
-42044 -1863
42501 49705
83996 87304
-81980 79006
82510 -72932
33099 -26600
13720 -80590
4005 57152
-80075 -71323
73792 -27949
-33159 -48379
-63964 -25880
29336 -83687
51529 -72100
79770 -17290
-96517 8809
54627 10410
-79075 21366
-85615 -70924
78511 -95536
19911 -16582
-1011 11975
-87088 -76895
11552 -87403
-24503 -96404
29206 -41711
92866 -39155
-16596 25140
32290 -35243
4865 90747
-68785 -23164
-82449 -6533
-20891 -93238
-69530 -84334
58456 -96369
92913 -45581
-24069 -70704
77895 -61954
-99969 81657
87898 20282
-53246 48213
-8090 -47510
15733 -9396
-86166 5020
79452 -7548
-37753 -15639
-78731 -73719
-64603 14506
-81709 -69869
91820 -61
26269 6377
-14012 11087
95517 50821
73403 49065
-40115 34440
-92977 59394
-85976 84330
-3549 48875
-21037 79362
20856 51191
12366 -25478
2960 42377
-97564 -96086
10024 -67330
-74923 -71471
9359 99011
53768 28423
79977 -90486
-23098 -28075
-43163 12580
-71837 76062
-62675 -80209
43129 -55422
-25876 89329
-46282 -43332
-10324 -49119
-33330 64164
75268 -11341
8460 -82683
-29619 -15345
20611 -33557
-60553 -34587
96010 -27144
87634 -78229
-8331 33484
-16423 22153
59899 -63094
-26764 39228
-36187 -31502
-35530 -71437
43573 45821
76680 -56206
48513 -19726
-9048 -16087
92841 -43729
66342 -4308
-87394 -44636
-71980 95128
-28261 -90384
3147 -79103
50115 -63286
-10070 -74675
59174 86582
58057 63817
13726 90191
-96902 42236
-34620 -3213
-52336 -3393
-91297 76290
95367 -27060
-27434 19465
-6890 -39496
19076 -9728
-16788 12275
87792 4383
77285 -45589
-97033 32671
-51386 93491
-4035 -93967
58591 20495
21547 -69179
-47388 34418
-50953 46451
-55968 37729
-30636 52092
36373 83456
-19365 22718
94167 30325
-79745 -3943
59286 -55130
27284 -41716
-64856 75399
65907 -2820
-85774 -65481
85651 -66628
28548 -70404
73477 -23490
76069 -73905
27987 49885
64793 64266
12909 61566
34661 27203
-54210 49236
19409 3480
77605 97503
-59211 94390
-396 -25029
29249 -26946
20061 68554
56781 -65682
63595 43652
15439 1382
77506 50952
20049 -71012
96138 -59872
55058 -3359
-11022 -53231
-87302 -60983
-26971 -46113
84963 3714
40672 -63216
68195 -20590
31856 -98150
-25728 -19013
-48153 66647
83010 1124
-16427 -70276
-34489 -39360
-58388 54020
-8287 -93261
71288 4042
-25515 29029
6726 -85812
43150 49670
55207 7973
44719 -89892
91012 21198
-47010 -93793
79253 -9964
-11807 40286
-33199 14771
85425 17200
4423 36831
-76039 42533
-10250 -88699
16854 72762
11544 82770
86627 -95589
19497 83627
-44745 26189
-27825 -71587
-98492 -51993
36305 64964
-17144 -77929
-24263 -47289
-28710 774
-41388 -77713
-32662 70896
-23580 -95023
-65148 23183
-25484 55625
36572 69544
57101 94678
-50273 25212
34075 43601
-19326 66284
-25762 -4508
-99470 73466
45013 64193
52809 27210
76112 62055
-46793 -32087
-92343 -74278
74662 -33341
-48046 91432
-57848 59257
77615 80621
87088 -50304
-34285 71449
45251 99785
-42061 -6374
81387 -73394
257 -60027
26160 -82164
77298 -47445
94192 85662
-19404 -40191
58369 -90053
68242 -8185
-34224 -53503
81011 -33453
-22565 96357
81130 82779
-68335 57495
-43098 42459
28627 3927
22828 -17674
-78004 -64893
-66417 82990
-2872 5402
-67907 -33498
-8470 67112
-4758 -15999
33660 58385
-71480 92260
81370 -13950
-74149 52385
50482 98701
-21564 6133
-56820 -9252
16943 -71999
11529 -61543
-62567 -72342
-56159 -84650
93291 95821
-55859 8024
-84017 41954
85742 94271
27482 -48071
-2457 -21927
-63007 -89236
-51769 -44451
9086 -6398
-10614 84020
77813 -19549
99707 -54247
74695 -47127
12515 66779
48766 71052
-23749 17536
-21392 37043
-21530 32292
44898 -44011
-16606 81546
-67370 -86261
-96320 22993
-3474 60901
36026 41589
-41592 94716
-14441 90370
-71980 -27091
15923 42044
60951 -39136
49775 -53412
-135 88154
-40240 -86925
27175 26466
37604 23420
-88314 -60366
79957 25909
-58277 86556
56784 51336
11337 64047
-64080 -61086
-70533 38003
59120 -51578
98074 -84679
85566 80670
-18365 -17027
61657 10546
-32938 -83094
-62246 60926
79522 60229
45858 32219
-32441 -45656
46924 19929
7380 18252
67203 -69906
58507 68090
-39189 58614
35761 70470
82947 -4648
-49390 7379
-5301 -1998
-67527 -48167
77215 68969
-23384 1894
-19609 30010
31227 -991
37929 -46395
36039 -82860
-33311 -72208
-38577 6075
47771 -16221
-1962 -46962
-80593 18013
-1080 39984
29538 67913
13713 -85610
-70335 6665
98578 -66858
-63502 -49834
-68802 96867
-23690 62815
-59398 85778
2320 -79269
50416 -36384
-89983 29863
85129 -96390
83025 86531
-72671 5784
-3540 -57429
6066 -10238
37134 -90088
4662 -38924
-46488 97716
-1865 22918
-98832 -53394
91635 27516
-3338 -29631
-40574 -87950
4011 61610
-67448 81748
92031 -76009
81627 42744
16443 -65356
43087 47501
98619 79120
-76978 -1725
99836 62105
-95985 -51535
-92421 72541
-91865 27652
-58744 -90236
88096 90454
-71765 24819
91510 89192
21423 -88910
13424 -93948
-64472 -7635
99498 -48952
-242 -82110
-30941 56146
-16345 -41131
-46404 78077
19787 -39641
-44858 -44563
-64096 -44521
-44691 -67035
-57283 -31340
89615 -50125
6970 -46943
-54419 56025
-57874 -51092
-48413 70979
-3684 2928
50641 -49713
-99022 82103
70365 -11975
-69717 -22993
-69280 -8430
37299 92070
58378 16511
-67651 -305
61071 -84578
19359 -40694
31878 92867
-74429 -34160
-45014 52041
59275 -76356
-57981 45376
58332 78660
-54336 80318
78873 -23036
-7949 98214
17806 94146
68582 -34516
76678 -584
47477 60639
9815 -6478
-70608 25327
75885 -1469
-69729 27759
-21974 43148
-32658 14970
54264 51337
-44584 43903
35833 64089
-57253 -84029
-15618 -39281
15212 86330
-17028 28859
88905 -4119
-7460 -39069
-24459 85174
-56862 31048
20377 53724
-20779 -5519
-93518 -36164
-72686 31313
64287 -36365
87213 39899
93378 26704
1721 -91599
-10363 -60451
31266 47193
-80625 54683
88498 -32965
62140 89682
90348 -19662
68088 40266
-63288 -604
-32482 83867
-64620 -46700
10868 -60999
41343 -59167
75882 -25910
-96577 -31503
-47904 -21100
-43770 21323
5361 -8364
-59539 -79417
-16450 -62104
-66864 56242
-7589 37547
-70783 -64042
10765 -23028
16774 25760
-14557 -49469
17294 20887
16951 7820
11620 33957
-30763 63240
15842 36375
-86411 98583
-27483 52049
-76527 39307
-29553 -56694
64264 92818
-38072 17763
-50048 14416
36026 92576
-30574 78256
87444 4066
64183 66043
12071 -45070
43085 40003
26962 97679
-63135 48353
48111 -13907
42282 56240
-54347 24208
49070 72491
11433 70477
-94292 57052
78949 45882
-74039 43829
-77303 82348
-22723 -95664
-46776 -47882
-88440 3411
-45304 -12544
-82777 90541
-17286 14519
71787 49816
34768 19
67031 9429
-33649 53428
51382 69125
-49231 -93668
25396 -70382
1710 -87132
72928 -43084
14813 -63039
16035 53328
35785 -79656
67546 58247
58689 75045
22846 67618
-67548 65816
2188 64476
90222 12285
-22305 94412
-93601 -50244
87003 -54406
-49092 77054
-29454 -48921
34645 -35321
-58742 -37959
-4815 -49856
9659 95926
-54418 87672
54562 89113
30212 10086
-64120 -78453
94278 1846
-8126 -3319
90878 -71260
-26328 31027
-82581 -5814
21603 3360
2504 -6577
28596 -7379
-27629 34212
-14582 27849
-2747 -15417
16993 65289
-34886 -83425
98054 -18681
23630 -60486
-2562 47305
-62445 68543
-76375 -69023
-64097 79193
7703 -78267
-90658 -69189
-49858 -38141
-14584 19174
86538 32855
-36049 -4372
82023 15043
50407 49161
5856 56979
-52089 -71857
-96121 67804
-49546 41879
6965 2553
-56469 38309
-24636 90300
-66141 93967
4361 63170
27629 92131
-935 -29600
39832 -98795
11120 -56337
60988 6818
-11939 7368
84793 -96777
46618 -56830
90313 -25713
33121 -15271
-77590 72999
23110 3992
87441 -24280
79606 -69304
-65033 -4985
78586 66983
81737 -86878
24101 14570
14274 -80283
35557 19912
-9794 96866
-50065 29591
-63587 -71430
-1391 -61226
94415 -63178
23281 -91684
-66793 46096
-2303 46831
27583 -96735
52321 30119
67817 85336
-32311 49312
-47915 -59068
-58648 -71674
-4703 14526
-27893 94122
53400 47607
49456 -91234
-97012 -40413
-62376 88709
-46872 -89770
-23273 -24203
-79573 -30548
70699 -9178
83230 5377
30603 44725
-8022 -51302
-77316 91076
61913 -95413
-18482 -10240
-14184 -69452
-96543 -11378
-78205 12282
22018 9639
-48573 -79125
-81882 24398
35887 41134
40700 -87743
-35023 85498
70327 59882
26304 91815
53173 -74673
98844 6286
99086 -17305
93799 -35646
74352 30697
36528 97300
80641 53721
11165 72601
-45100 -73067
40319 -64
-38816 59943
-96735 29762
73726 -65990
90005 -40773
31901 -18546
39317 15884
-57288 45014
-26976 -76139
41008 -73654
-82163 45049
15362 -99797
-43941 -9136
-40328 47738
-7721 -75136
1455 -42728
70306 -84297
-90757 -77079
-95968 63703
-92988 -76066
13170 3354
94769 17882
-73325 88413
-39309 -90066
-64315 13301
91222 68932
32113 61090
68391 -54302
-10383 47100
-74480 78529
42484 8704
-35964 -84913
-31458 -18537
28784 -8436
-6878 -95857
90791 81272
-97149 12595
-11413 99494
45575 37702
-46474 79971
62119 -99350
23088 -7020
-40806 21449
-26338 -67472
-45956 69641
-9612 -42646
-59950 96803
-61270 -60242
-90327 -84202
-64055 -75543
-34763 -60632
97732 75557
-8946 -92193
-17253 -88109
93613 21737
18641 -23636
-74408 72301
-56164 22821
83409 -72023
-5660 -34688
26679 56082
-14459 -92019
-99122 81842
39429 26650
-78312 86310
-65836 -77719
-28216 39616
-36583 91844
-97483 11134
-73100 -76022
-91530 -90363
-27729 87223
71149 33087
-36548 64697
-18270 18781
-91644 63347
50998 -90511
-31053 20780
98779 -3966
-40391 34200
-88717 -46692
50014 89207
-288 -5126
-87090 -15222
-62265 -22902
-70424 -48263
73907 73320
56665 -33689
-45908 -69622
-67623 97796
33527 99203
76495 94941
81356 71534
-58945 39618
99766 -1501
-3753 6817
27194 -48740
66888 -74825
-35810 -94694
-98224 51378
27172 -12250
-58949 -90178
78133 -93549
97798 -26077
41690 4557
67321 89795
40729 163
23162 -29243
-20726 86079
77781 13077
37246 -12308
-72000 9281
-29621 -63974
57998 -90881
-61780 5909
-89816 11817
75683 49040
-56964 -16024
-98583 -87813
-32949 36715
-88794 75582
14558 35867
31837 19110
-1405 4356
62163 -89121
82616 -11603
78407 -25076
67282 -83135
-57798 -89508
-86452 36174
-28491 92329
-48052 90496
-58050 -52056
-58112 -50952
-23381 -58885
-17094 -54562
-77754 -99370
2419 87304
-32960 6973
44023 26341
-17367 95753
75137 -2771
36721 -2853
81937 25763
44815 24933
-46244 -68327
-80232 -40042
-34294 -53349
32324 -52194
59037 41363
-86498 94993
-85826 92010
-65670 -12462
-91047 29034
64014 70618
25033 -88520
-95168 53433
-160 61904
-94303 -14122
-42362 48564
22986 -94707
98198 73829
-39284 -22913
33806 43612
-134 22915
55290 -89383
-66865 47243
25006 -24721
8217 -39209
-39258 44610
-40331 64001
-21609 -34663
-92280 24319
43067 87337
1790 -48255
-90683 -6103
-3721 88881
79662 -40504
51529 -90268
93246 7279
-89768 -69591
42810 47752
-13696 -45799
65170 38237
96013 7711
5498 97556
-69537 80840
7410 65295
5118 92078
72122 -13367
84083 -87454
91499 -98013
6916 -1317
-42189 17489
-30719 -75151
-89001 32453
62476 9652
-12421 62896
-86324 5520
24407 61907
15366 2848
3566 -77861
-97713 -65391
81830 -4537
58386 70842
27534 81294
-56016 -34723
-59838 -52109
82180 70763
-87160 -71747
-23302 -94637
-58912 -6741
-14405 2466
14964 -35199
40984 7101
-12693 -54339
92656 29288
-201 -11721
-14339 -14571
-82588 27641
15889 21275
-92378 20410
-33580 58219
93257 34483
-22418 75924
49764 16268
56376 52265
-62278 -36024
88645 -76095
-87798 -43127
71788 -77958
-99088 -51752
6499 55301
85068 -92410
-6135 -36737
-64049 30795
97340 -77650
64624 -97298
-6991 74983
-10251 88086
74520 7140
-79353 -10166
-63349 -27055
-21208 69863
53927 10980
71397 12112
55767 29394
60450 -36562
77543 41245
76768 54830
-81990 -84827
-61826 -89562
-3464 -42888
56089 -10306
96634 -18872
-42759 -84799
-33053 -32991
-6046 1274
-15738 -83549
-1485 -11906
98789 -1702
-57036 45593
-11394 85264
-46581 81773
-79291 -10218
-36434 48961
-17804 61975
17772 -54079
-13407 -64675
-31722 -27254
60937 19573
63143 -94702
38632 20595
-93598 -51825
49475 -9176
9127 4801
-27537 -24349
87631 -5742
-33414 51720
6102 -83970
-17799 69980
49270 -59285
-50728 -72155
-30119 19757
76985 89153
27465 92562
-42591 -45709
-49342 47123
-28808 -76371
62466 18003
69171 51375
-80674 -39731
34084 -87839
29705 -41116
-59906 -62900
7140 34149
-9322 37634
97990 92582
49306 73147
-1980 40824
25099 -64427
8891 60454
-10809 97349
-96871 -86371
20293 74635
9128 33039
-26096 -11164
-38881 32759
-82202 -37250
4764 -70167
23254 79722
43433 -75179
62464 -7800
-27604 37817
-56695 -85980
-56462 2945
61156 59726
74726 -32928
49362 39117
91514 -21878
-58560 87659
87790 85513
-18404 -480
94096 -32942
-71224 55522
-9022 71129
36172 -22852
-47014 -5130
12170 56796
-46887 28299
-92285 8657
23737 91086
41892 -22099
33565 51811
22103 58097
45847 70207
49104 -76568
-26566 14980
24995 16506
65917 -15706
-79738 -89678
-74821 -14352
48066 84283
-20585 -71235
-80987 -37935
-97636 -38740
57589 -75659
-62893 66724
-77184 69675
-64668 65884
27 3882
10269 -91680
13528 -82568
8613 -85287
-49491 42953
55206 -4892
-56658 -13417
-10223 -30676
32039 75828
-88421 -79048
-24135 25436
91638 -82643
8757 78037
15736 -12603
-78706 -13643
83687 -72038
-53246 78126
-43573 -3275
-42790 5953
44992 71973
-47917 -43924
-15772 -66432
-83238 75429
56809 -42496
76061 81508
-41979 -81101
25876 -80792
59394 -29242
-14967 56759
-61621 94838
-34851 9307
68396 -23314
-16241 -21976
88926 81007
-67500 74988
-83522 -67617
51991 -18633
43670 34611
-26568 -69275
11697 14506
-78598 56337
-90216 -19989
84213 76814
61994 24649
-30072 -99279
20391 -95151
-27391 43769
43679 58168
27754 -3910
11615 -577
-13058 52427
-78821 23578
3318 71945
80473 88423
28087 -34488
-34868 -81719
-66656 -64943
-69372 -29496
11169 33625
16335 -34555
-96386 88904
-57616 89156
-52768 26538
-76879 -5638
-25632 -77849
-74717 84709
61870 96736
14697 -57271
-29836 -65241
-2621 30839
-82584 -54657
80619 93427
-61799 74348
-75972 62694
8165 64229
69820 -1403
-12083 43735
-90679 -72845
81723 15263
-1871 -52311
-75338 -84813
91191 64546
-41249 -90349
31280 42328
62519 -9114
-56511 -49681
-69149 17269
-2241 -85151
28766 14135
58296 -51216
-81751 7842
-82367 37696
-40064 -55656
-22244 88670
-63802 -25841
-78400 -70677
48093 -41665
40759 99586
31521 -57102
-60381 9059
71169 -2570
-13721 46718
64598 6281
35609 -50739
51638 -23489
-32629 53009
-78067 -823
-17698 99851
-11772 -39514
67033 28090
73169 -57177
-57673 94842
83393 -19966
68667 -47261
-74039 89480
17276 -78783
20913 91224
39323 64606
76466 14648
75026 -51354
30144 30702
14048 60980
93585 95196
61394 40585
-94666 -91856
2908 -21795
-57105 28413
-77727 99483
-14137 -25995
52767 -3175
-59371 -37428
68282 -18463
91129 25632
-1405 77843
87643 -25404
-54109 89073
77780 95604
75708 28316
46039 -83450
92808 69942
-44421 29185
-57595 -48569
1493 31003
-8984 10510
23280 35651
-15639 81013
-94839 50124
73945 60774
11894 -92014
61610 -35226
65823 -90123
20474 -20932
-8401 53275
42949 -2104
12139 52446
-54340 -90814
91350 -93608
5743 -30200
-26801 76468
39341 -78647
41588 77292
90143 48985
40147 -30795
55254 -76032
35843 15249
-52206 -61153
-94689 48214
78553 91591
67282 61542
-98065 77359
-47533 -88469
-24560 19422
-35228 -2142
50967 35007
75963 -97585
-42260 59824
-6658 -25232
-78287 94630
-26196 -44129
61456 -14703
94477 -31235
74090 27650
-73425 -55315
48475 90949
55920 90529
20544 -58071
-84127 -73050
75052 -60603
-64100 -21884
18182 -8142
-93380 -90098
48588 8310
82865 61757
52546 -99790
66133 32397
86624 -60123
3349 -87454
-36262 -45318
-21446 -29689
-31491 69692
71369 -6859
-33256 -41126
-48121 20044
-27758 -5900
86290 49359
-55475 67715
55014 43023
-224 -56958
-87623 93204
56882 1160
53588 51090
-7117 61334
46276 33702
44724 13481
-14170 -38087
80484 -59838
8149 -53741
-12247 77586
-82177 62653
-35344 -50789
-93400 34717
-64080 -41367
-7236 74318
-92374 53697
-6017 23663
-53337 5756
57805 64647
53923 34535
37266 52138
47360 -47805
61452 79008
-55073 78442
-72124 -49577
14121 -22863
-54882 9422
75991 28298
-19789 71729
-81835 1218
42587 -25280
95252 -31414
49853 50249
1968 69725
-97510 -64066
92909 -14209
67588 7231
45252 9502
-6556 13021
-34527 5192
-90760 -1991
-71082 44761
62462 -80323
165 -88491
-47623 -38245
61961 4897
-92754 47099
86742 -94413
36681 97151
46293 71843
-12674 26631
41608 -28315
-35213 -90996
16449 70580
14270 81998
13799 82878
14709 -88398
2652 -70863
-82364 -6015
-63460 35780
-25946 28721
-33248 77348
94044 27029
-17890 -17294
27862 73456
-59429 80301
-99083 -3604
48224 10387
45058 90249
-73927 -23869
-72329 6905
90448 -33961
-10797 -74959
45218 29375
83523 32567
27702 15209
69426 -24898
-49454 -30168
75520 60595
-45631 -1481
-5698 -24112
99912 29331
-62119 76260
-79720 -64912
-32696 72459
-43107 -36702
99240 57043
-93804 94311
80891 44622
86436 -40642
-13452 -9381
-54880 48441
-2733 78755
1313 77634
76803 -85453
-60689 66170
12314 -18332
-27543 -47038
28215 18866
-26615 67581
-70489 -61082
50894 -59000
84921 -4977
26211 984
-68587 -31813
-66713 41890
-88963 88195
-57833 -5600
92874 15629
-11934 18809
54725 -78694
-5748 32199
60737 -78821
-29124 54784
-31256 -36531
31179 87049
-24462 -2133
-3335 15490
-7234 -33315
49095 -53752
-57404 -58369
-32371 62375
62991 -59449
60179 95500
45186 33982
52339 -24919
49779 67459
54244 40456
-41490 86698
-34049 -9460
90281 67802
-7714 -68602
41586 -9503
-76056 24971
-2710 87793
-34930 -83361
22731 30676
38813 -21725
94289 -39790
61783 -57055
48478 91571
43449 -46760
15997 -73389
-31041 -12409
9792 -5672
-72804 33991
-29428 -67478
62011 -74284
29538 -56738
29335 -16093
87243 85016
-12727 88780
-1776 -57608
-25482 46194
27066 82118
-27576 22238
-1479 63661
16499 11068
70823 -13435
-20880 38154
-29585 -93119
-92218 -6548
-9642 70631
5039 62962
97242 72533
89397 58934
97714 -50394
-50347 75192
-58534 -18034
56672 -30339
77055 -56345
-39176 -84966
87220 97556
57766 -10040
-25727 7144
96392 -74514
-53403 -54720
-81262 73881
-95589 -46704
1038 2298
-28419 91097
-13477 57142
-94647 -16818
-26031 20043
47711 -28983
-92027 67255
41175 18314
-62263 47997
51083 -44750
-68430 -38682
57673 70703
77026 44673
41839 58479
9361 -33095
6852 56981
90503 21898
37153 94781
-80231 17195
-3070 37720
-33834 -80508
-18624 -84070
558 58095
-59242 -62631
-82094 -23767
60100 58831
61823 79286
-38006 82756
-76412 49541
70493 -93231
-79856 39875
58633 88807
5677 84970
-68823 -86613
-11507 26301
-98142 -84638
18215 -54556
88041 92944
56613 47942
-82948 60511
-23866 -84841
-24668 82069
-58133 -53918
66114 79718
80643 -63665
31022 -86896
18613 -67791
-15587 91864
-45127 -91033
-97423 -45365
-75596 -39774
-75918 -74613
18761 -39948
-25994 -89592
89677 22202
-38840 -45177
-78895 24876
45846 -81905
-58847 57223
-50597 82421
54891 -14393
82203 -4483
99564 27978
26208 24045
-19610 -66976
1950 -57444
-71019 -77206
-75895 -2084
-32825 25357
-77346 -46476
-16000 -26084
76646 84999
15095 -87496
-41689 -47598
39574 40037
-85897 64038
71488 5086
-40335 -93035
48184 41853
133 -19674
35944 65530
-46941 64563
-41684 53493
78032 97792
-11970 66210
94656 -40328
-50845 66750
-56391 -9260
5917 42861
55819 50236
51015 68775
77142 57638
-58890 99936
7048 99806
6119 -59327
51805 6887
70657 -61619
11313 29514
-70712 -17421
-22725 14970
74148 52924
-86224 -96007
54842 81876
-70756 -58183
54767 -42576
-17229 49249
16947 -84061
36467 46124
-8149 7710
19518 -64909
-4220 -88847
-86154 83505
-65050 -32275
-36855 24653
-82543 -78963
18465 -30244
-55045 66238
84771 95642
-51467 72774
81537 2104
61728 -47295
-97620 -29489
55592 66999
-16445 -3123
-22380 -85851
-17517 70038
-21184 -85712
14879 788
-68963 74530
94743 30150
-65369 -37271
61511 -76489
11479 53883
-51235 -3563
93046 67006
35791 8209
-87975 29983
69483 -10563
-3964 9414
-69523 -17124
-96510 33177
-67959 50703
-82489 -75078
-90975 12445
-26512 37767
-19004 4579
-17091 -90415
73536 37655
94573 62377
-97687 -95233
14187 -79368
-3714 34327
69414 -59890
-28403 26162
93804 -72051
20129 92557
4269 -27953
-35633 -67701
-64465 -4058
-12908 -65255
-17165 -24541
63689 -65555
55871 21207
15485 -8277
-4206 38086
42976 -58844
-18284 -65226
-91355 68964
-89680 4925
46146 74787
34194 83289
-34250 33301
84046 14557
-12660 -15111
-91776 -33735
-20385 -11854
-30942 -59131
67072 30528
93613 31882
-67072 -49442
77326 -49587
17071 80128
59458 18157
32901 91620
18143 36533
-40431 -99671
-40479 86963
37666 58181
-11009 -83341
23492 -48419
76403 4774
-4652 53785
44398 21955
7258 29043
89041 52866
-3101 51004
28860 29388
54181 -96664
-8323 28292
99087 96641
75771 -73806
68296 33607
-33716 84775
-70718 23422
21855 56421
-52201 -48835
-21589 -95437
-16557 -11597
-87878 -33009
-80202 75263
8352 86977
-88795 81980
-26665 -88563
17658 78744
-8057 -74916
56609 25310
-44993 68286
34924 -72146
99113 89968
51186 -23844
-16869 -84666
90677 -47282
91007 54027
60023 49053
-36970 -92812
96592 80792
-46510 17
77211 54567
-56973 39721
11587 23790
51951 41320
-26135 -20738
20122 15397
-14149 -27244
-56714 28022
29971 -27485
51160 61455
-14625 20868
-54936 -256
-42696 -91145
-61766 -75594
-63037 18773
53764 62101
-9893 -94518
15656 22848
-36494 -75293
-66949 -90542
81020 -47419
10225 -19193
-42921 -45108
-1733 72818
-48363 -37901
-72744 -90344
24735 52507
-74618 -80857
9839 -28998
-77382 54023
91465 2255
-41432 11394
-5740 63358
63819 74818
55626 59202
2944 23910
-23227 66436
-42368 -74709
99120 24657
29915 -86655
11289 -70981
6456 -21394
77915 67328
46171 74356
14681 31759
65196 12997
29665 -45904
78699 13932
85084 26717
4201 3875
98146 15338
-14197 42866
92245 -24934
-28552 36497
-3705 97110
43116 44681
85681 -73667
84575 -10065
56121 -44364
-70991 33349
50503 -43756
18769 71363
-13140 -24008
71749 -52861
-77069 25868
3917 57776
31715 14498
94569 -98978
85803 -77539
80557 44947
-69862 -51148
87493 78478
-96619 -69557
-23784 17214
52670 53656
-80681 -49682
-45699 -93651
-55011 58880
-92764 46032
16594 -12043
-59212 60030
-89144 62582
48516 42232
-40342 -14896
-11033 -81585
71092 -32868
-46014 24153
18352 -43294
60975 67491
5005 -4341
-70650 -21503
-20134 -85789
33901 -70536
-6058 -12705
92443 -12738
54083 77432
26220 73473
98066 -6407
13736 46976
69738 -19935
82344 -7662
8638 80173
5711 -39052
42647 -54501
-24675 -89919
93646 -45690
-9192 -82313
-2218 37230
-15478 54272
27347 -53973
5830 9288
20827 -27323
-74390 -48491
-99266 91004
23522 -12368
71674 -57232
68917 85980
-25412 26084
13980 -65519
-41364 26477
-60812 -1855
26264 20425
77082 21132
24564 -94719
19272 -15654
21548 8265
72593 99080
-64935 47051
81499 -61079
52565 55187
-17778 76032
-68353 71394
-10159 -7188
-67941 -5038
-13265 40202
-72935 1823
-21550 80298
32258 -75336
99847 1250
710 99761
-1107 89457
-20141 -18707
-70738 3203
33876 -41785
-64251 -2906
-55955 -22115
3563 -6088
5243 -59818
43756 -46473
-90761 -50825
75111 33107
31881 -29926
54454 -16564
-39042 -20679
82433 -90964
50959 -67717
19792 -69886
-83894 -35449
-26847 2429
-18153 75542
-5102 -54762
-8018 -77715
-94452 -30297
84291 8243
19733 -53206
-2527 73077
79563 16267
-68033 -40788
-49502 -16177
60846 31572
70099 -72844
-72894 -76746
71505 46626
43475 -7466
-50509 -1749
95404 23296
29029 4363
-11080 -90546
25161 -32286
84476 -61520
12895 52671
95225 90375
-53403 -91404
8997 -67395
4733 13605
-35478 77506
-81654 12065
93055 2198
59558 24783
99609 3560
-2797 -62771
-87133 82523
-68325 54483
-72310 -99703
-9890 54849
82422 -22955
-17514 -60290
-33205 22325
31697 -97283
-51940 50012
-42395 93337
-48972 6869
-63982 -8099
-94127 -32399
-40739 8774
24701 80143
29199 -35472
74370 -40687
18257 -37302
-10160 -82013
-87995 -57754
89496 99377
-22848 -36849
32892 -33496
-71069 -70682
98877 83034
-55123 -72825
25516 69845
17531 -78705
-93248 69636
-57014 40623
28331 759
91190 73379
-4747 10912
-12177 24597
27302 -48959
-23858 -85961
-95956 79061
-12551 85913
30238 -41690
-93622 17728
31349 7046
-45870 -59602
-25524 98505
58597 -94386
43433 -9731
12137 -41604
-19675 -46769
20104 -79417
-65701 -22173
-24233 81719
-64329 62427
-6670 17280
47463 18337
50081 -75596
80793 10475
-92273 5114
75745 -94465
55379 98473
-6312 -84393
80680 -78330
46524 13203
-90536 -34651
71594 -63295
-94882 98725
63196 61448
-75192 -40578
32384 -94319
-72399 83480
22357 -62419
9200 51722
11813 49072
-46086 -70794
78707 50444
-44461 77131
-62974 42386
47270 -87994
-17752 3219
51869 -95228
25235 -56569
-11082 79527
88795 -54732
30513 74464
208 37533
-30398 23205
-82485 -58344
57036 -17860
-23651 -55996
1735 23547
10261 -1850
69136 70638
-85944 68105
-12758 -89689
-86586 -33014
61552 33307
-79164 49878
-93602 59765
25156 -77627
82635 65137
-85449 20161
99693 63597
-56660 -30650
28428 -28384
69175 -29967
3323 34202
-14538 -17965
54541 -27496
92337 76621
54287 35805
-41981 69460
79830 -70556
50690 -23190
28585 60627
-96350 50919
-62315 67189
-17868 -99055
-83329 -97010
14733 20412
96099 15882
-31852 -22323
-40614 35896
-9381 -76154
29288 -27161
13891 35761
-36019 -62329
-16252 57336
-70401 -14873
93326 -68411
-9057 97498
84675 98148
-36856 65203
-41261 14679
10501 -1425
9719 -46096
-44255 50464
22748 -28279
-35718 20690
-90964 -3106
27079 22799
-40531 -22284
36595 14461
-87478 -86228
-28535 98897
17478 -20712
72197 -9659
-69292 8974
-52423 -63478
-12519 39802
-91207 11353
-61312 4026
98374 51258
-99116 -94709
-33646 50682
52934 -50037
-60141 5408
-73617 87790
85102 -27134
84679 -25187
25188 37351
28627 1364
90726 6815
6380 -92788
4090 -80435
-30032 -30408
-49581 -74865
69398 -26221
63152 -45017
698 71291
37244 -49107
-18298 42475
-93072 20549
20845 -86675
-37598 59370
-2544 -67051
-34149 -19752
72900 84034
80472 -86361
13328 45288
44775 -48716
-57276 48293
-70654 2406
71203 55857
50064 58519
19481 63492
-68130 73201
55821 -44176
-47989 -66530
61513 16895
-19096 -68540
-97775 10207
1813 -68943
-13512 -83952
-48976 -15694
37442 5291
-93951 91276
-56385 22434
-40588 -87058
-36436 -67283
-30027 14773
-75224 -61216
66238 -92020
-22211 -38721
-24428 -35361
97311 89960
-65470 -38282
41983 27332
-56603 57809
99529 17215
79952 23602
-82979 -70316
-78641 -3323
-33953 7333
-14950 -30190
69615 -75613
26199 -24485
-63352 81353
-94734 40079
46354 28901
-27 -80556
-85423 23906
24226 30343
-19505 -15497
47432 42110
40315 -86537
-81125 21557
30740 -20566
-43142 -7537
-4669 -35468
20884 -56487
38376 -69559
73147 -92283
37668 -63176
74799 -38393
-56683 -29172
75130 98618
-33035 89654
7424 -67538
-98147 55859
2315 -64061
54204 93761
40773 82265
64737 -59138
-47713 -40611
30847 15882
-65192 -56667
-59659 37786
-12444 -8934
-99931 -17876
34708 42269
84791 74871
57281 16284
55020 -52243
58904 -36177
-15537 -87156
87485 -52973
21556 -37608
-83530 65771
85862 -61998
-38748 77482
75707 -68380
22053 84334
70775 71394
79376 -78976
44744 -63406
-80586 -61937
38998 63462
97112 27179
-18567 58716
-31212 84076
-63717 76111
-13121 -69888
-19249 -71451
70277 -58589
-70593 -82129
42925 49153
-1405 -63039
-16727 49255
26284 -7192
-38702 83632
23215 52902
33441 -91922
-31089 25165
69154 -52162
96063 -44242
12371 -33554
-26126 37977
-10066 -10295
-95633 99026
836 -69803
96852 -57133
-38275 69543
-15235 -47985
67120 -26518
-58942 -42931
-86234 66440
-5989 -81652
-16560 41932
-88999 -71651
97253 -319
88710 -1894
49221 -35565
-10567 -81413
72748 98337
91720 -74544
68904 41987
59309 1933
-41229 82538
2762 -93886
-30112 68090
10691 -22663
-52487 -59134
-92441 32460
-68061 35365
-72762 34862
-16983 64960
88890 -41217
-63203 -51881
72976 -30746
72825 -58245
-74400 -77066
92648 10211
-2028 8899
37837 38033
41327 12475
99141 12538
-73146 -86271
-33052 26497
-51351 -97142
-37197 -34998
-10947 52366
-80594 -65816
-13102 21840
-72387 95843
80626 69427
-12157 -20661
60114 90678
-95571 -87185
-11938 4623
-77972 -6387
-56475 -83289
91789 38504
-9249 43772
-62753 -19038
61493 52799
96275 18139
-92379 55723
-24385 6313
-53771 -96062
75119 -7813
-65854 9997
-37002 58952
-74107 23216
-89507 54158
86816 79398
70238 -79195
-59038 3087
-14572 10748
30567 -59675
-35348 96859
78574 -42185
39224 54123
6130 -69091
-64700 10485
26528 85494
58288 9733
46978 24252
61123 43858
59560 28906
71319 -58409
-39319 -90338
39409 -11100
61287 -78972
14985 2308
44895 68955
48796 -85629
-36478 -28380
-24704 92238
-47185 50826
85004 -72988
89262 -11847
-80592 -33628
80107 96688
87468 -40350
92848 -50436
14063 62059
-32597 42853
60929 25127
44754 -97540
-67016 33062
71389 27443
68830 43838
-50051 -92097
-15467 99227
88418 -65389
38028 -15075
-621 -43919
32666 9556
-79828 -71716
-97122 -65320
-88810 65323
-23654 50490
-17497 -52867
84496 9109
-28428 -61190
-28410 44691
28630 -74333
64959 30066
9534 -42850
-89770 -50722
80634 89366
-12067 38921
3621 4829
-2169 81783
-1351 117
27071 -88077
14960 76732
9507 -2395
-72641 -36290
61418 66929
66321 96270
74533 34156
-72294 49493
-51894 -99641
94887 74640
96717 -29785
43497 -50602
-99521 -1653
-5256 27715
41926 -30982
12670 35641
21282 -60975
-61474 97177
-97913 66061
85989 3967
-6455 -2585
-66193 -86877
22717 82456
-69569 90872
19039 -64325
-20941 -48315
48860 -87876
8814 -36635
-95189 42355
-27691 48025
37733 70367
-41379 -36209
88878 62757
56907 70218
90717 -25747
34214 -84595
58020 -37109
22636 32543
-24122 -21088
-72326 11250
91019 67577
-9858 69121
27759 70286
-10246 -55255
1273 97354
69904 70596
40737 61867
64870 21358
32766 71809
23454 -76528
68873 -31882
21043 -28269
69237 -71264
-69999 -56747
-67223 -96731
-44051 -45695
-978 -80016
92689 9985
55531 57054
21102 -77866
-71562 -2740
-23770 -43203
-44448 76532
70320 -30289
8331 40194
-5845 -7375
-64890 -26887
14804 92126
-8818 52024
-16951 27257
-3489 -95720
28511 32673
23505 81296
-38128 -2202
-26277 -52020
9228 -45823
-65210 56916
-97317 -82726
-90527 -27630
50480 -58104
-32413 -36692
-75822 7230
29704 -66433
90906 32205
9317 34604
-59496 10451
-50467 41041
-96947 5636
35769 -63199
-29755 66828
31071 -48770
63766 23090
-60131 58161
96633 -74103
-81570 -56360
57480 16496
24857 -60288
9442 22248
-94441 24820
-32788 -59749
-6254 -95082
12223 -50501
72074 -37171
51891 -99259
99965 -48205
-89434 -84179
5971 11586
-91466 -37443
34874 37943
66964 -51691
-15666 -65984
-42691 83070
1258 -91150
60519 69854
29061 79366
95887 -18667
-18476 -16642
-60219 -24040
61495 -83319
3036 18435
-34606 -83463
21878 59769
12781 -46275
73805 -65549
98446 -80160
-28952 98175
-33293 68760
-59497 27726
-64990 20945
-92599 -65054
-43784 -75417
-51562 74851
-62163 48953
70922 92679
-44886 -69235
-22609 -66468
-51213 -39551
70645 64211
54217 10595
-15862 -19780
-96367 75933
-62181 -8427
-23825 -40917
-54306 70642
75021 -48320
8550 64262
12024 97850
15482 93715
51965 -82627
3020 -18105
-33238 40832
59965 93212
34805 8331
-59250 -52815
-11033 -33732
12712 -21283
-25410 28759
-38017 -54600
-46100 51536
56232 -11436
69414 98344
-67105 63302
-74052 89694
48831 46
13074 31816
-17293 -8866
39224 75697
-89124 45169
30765 45216
74997 53340
67480 7745
47717 -43425
-98126 -59304
37506 52735
45989 49167
-84756 32870
76731 -9090
-63431 -69759
69350 -33388
-19009 12758
-10316 13916
-68555 -47150
-53605 9854
-18975 -12407
-16582 77377
81117 37488
99970 -7362
-30087 -69783
-30867 84679
13614 -21684
21807 83251
-63733 -38319
-74985 83718
-56058 7989
-85272 58336
-99115 80999
7631 -70069
67515 49110
-28936 -85713
-7990 -83255
86318 -10500
-23430 -76541
39525 11707
-3533 -82633
-34898 -63998
-58302 -10442
-387 -14033
-65412 -85484
50133 -15701
37034 92393
21461 36808
15401 15301
-10853 3773
95884 -17919
-78184 61629
-6069 -67739
59975 -36895
12393 35921
-81906 -41115
-38195 -32537
24810 35128
-69522 -34179
-44876 11146
57748 -62301
57243 48378
99662 59709
98589 15370
-62571 57841
93308 26109
73739 74589
-98614 -53128
13289 11824
74667 -65790
89417 -85688
-59072 54232
6911 -45107
6830 -54124
-2399 83945
1486 -17555
18480 58373
-37496 -28559
-27793 30911
38497 31265
-54755 -47873
-87803 -44344
69823 64212
21590 54258
-31108 23675
-91310 89357
33996 -71795
-59140 94906
38558 36148
-60240 32410
95205 -75637
50968 25567
-25715 92030
76732 7417
65871 -17795
71343 -16598
87462 58453
13375 85923
-99562 18921
-13292 -73503
52728 56658
8374 -16671
18129 10804
2165 -97419
-23276 -44140
29885 -66093
-78759 54489
-59257 15240
-3582 66399
-88689 -2216
19111 47847
7551 -95902
60763 -4137
68108 -26806
94859 -99431
-69308 -27014
78743 5071
-11034 -58885
50036 87700
44288 -5496
13356 95461
-33947 15445
-73518 -43140
34702 52184
10324 -52791
-53715 -16345
-834 -54744
-99852 72069
71872 37961
-537 19420
-78818 3861
46345 -54326
93858 50322
8155 83783
73889 -80691
-81312 65444
59626 14383
-20001 -72164
-16502 77291
-96835 6225
-38899 -35160
51730 -45454
-11637 26441
-27799 89963
12099 69947
6325 -91589
44134 -13491
83297 -20464
39360 41034
-77144 25524
22791 52629
-51367 -77033
87819 294
-7142 -13980
16785 93108
-65065 18187
-60703 13927
-20490 -19913
61924 -677
-8080 -68021
43518 8316
-88360 43844
-48606 78208
9611 -14668
12344 -64536
99825 18570
24633 52131
-9360 -51881
-27548 75014
53745 84385
65434 16294
-44172 45516
-2993 -1209
-75247 29585
-15001 57371
-99053 -88328
-13682 -39348
50958 -65972
-93687 66926
-74806 65518
-19583 34052
-23170 -80440
-83382 -19644
90955 -91830
12052 2409
-14008 -13759
-81317 -9473
-23827 52664
18146 -8786
36358 -25937
-52916 -26896
27457 55363
76164 -77619
6841 56419
31603 -27738
-14633 -53187
-34221 79692
-12728 27549
-25215 -67486
60837 -1412
11679 -86482
31327 77669
-97764 30474
79558 -66916
-89599 -36346
4140 -93178
83539 -91345
43137 48946
-62734 55053
40173 55444
72810 -28113
-36404 -88802
-35343 -87899
-29142 -95229
-8714 434
3613 -15712
98500 2934
19908 -91389
-6406 57332
-35541 49656
78143 -32580
-82405 -58452
-48313 23234
-68606 -19356
52676 47702
8473 -61614
-7762 36266
30178 32930
-93516 18022
-70456 -71196
15099 -98087
-50912 -11846
61008 24828
93186 44082
26855 -65615
-93528 -9223
15242 -37044
-83811 -16771
97126 -59418
75062 -70469
-84378 96504
-5219 -79882
67057 43407
40114 93329
49707 67823
-68045 -21083
-85676 82771
-63323 -64356
-68285 -17521
-46671 33508
-50540 -91372
-77803 90363
-94095 -26933
-72007 81732
-90450 -50365
-17744 -49905
29379 -32561
-6548 -75050
13673 60338
-45949 -25417
-2522 78967
12610 20576
73633 -3029
89387 80254
-14208 -67519
-59471 96937
24939 -98572
54420 13736
19463 62888
-65438 -68965
94191 -93713
-350 -4242
82064 2521
-68648 97989
-65806 -28326
52718 -84850
-54790 29618
47110 26184
-44896 -56697
-78037 -41182
-13146 -82347
86469 77671
61575 -7309
-60681 62524
67337 -77727
64633 12206
-20935 -34735
-21916 -92940
-47917 -3510
85321 84109
17051 -15798
-92299 66648
-33353 20904
72647 -95103
52566 -33968
-41004 32606
-52908 -20291
82942 -87163
12847 83803
68963 -38555
92548 -53390
35200 -23716
-38546 37307
-72007 90292
6411 1080
-96727 42855
1059 -29870
3005 85978
-94778 -77907
-57010 -23439
-99504 85976
98513 -25985
98203 75721
38986 20170
-19634 35824
-38515 -3775
20321 11905
-22126 86785
3390 -86038
55776 64288
-14880 86576
5686 -11475
-46637 18901
-78536 -17958
-4550 26571
60569 -34104
2058 -54784
51356 -25245
31190 9714
76110 17680
80610 72822
-44575 87454
64449 17672
97653 96013
19361 32420
97714 -90490
-72075 62293
-76548 -38353
10844 22686
4409 37309
-87661 -10095
-44055 -87074
22333 73940
8518 -14935
77779 82217
53737 82068
-13896 99507
-85550 57913
-5341 13363
68269 -47649
36908 16791
99095 57500
19673 -94898
90268 -1855
-40275 -78055
-66502 -59930
83626 -87266
-18410 49721
-42257 69863
81342 -33405
46087 63194
32569 49681
26077 -64271
96859 62376
-31095 12520
81889 -8545
41701 -61062
-93317 -96428
-95924 -9437
-18662 -39305
-65114 -26066
-45113 -41953
-27500 83136
60777 143
32882 -75381
-90854 -26166
-33187 -18120
-21851 -17907
-57663 31760
85207 -62689
27994 47483
-26830 12296
-42377 -76639
-26333 74206
26032 -23502
-97914 -64003
-20435 -41522
-93365 -28829
-28440 -51240
-2837 81504
-39037 6938
30242 -51459
55441 -77072
-91796 47787
36976 -65665
94628 17550
-20798 35936
-93195 -84400
-5111 -76105
86995 86924
53162 -86682
47077 -89255
-20164 57106
-33939 88455
72835 -2700
-17560 31932
85894 -98147
-59003 -13468
-66922 -88772
85244 1921
-42141 20557
-83313 87040
34747 59649
-28263 19974
78800 15973
-75248 24804
-17549 -57964
72521 -31528
-5782 -14839
31842 10016
-22548 -13193
99227 -14778
-62325 -78856
61400 43593
-63462 -32368
-79464 -85394
-34908 59087
59466 -11674
-50078 -79046
993 34070
76533 -74289
41123 -36926
-25297 19229
-65135 98954
90382 39752
-47770 62738
-62775 89692
-56131 -16968
28558 -61750
-86786 -53228
89697 -56676
13323 -35286
-32539 64551
55396 67079
26083 91244
-48413 -68970
-66699 -14298
20247 -91992
-59038 -31394
-72478 90412
39604 -39355
11455 29691
-65773 96513
5923 -58777
-80433 75703
-50920 75024
46301 -91244
-2451 7856
-23553 50789
-98478 -6498
1504 8944
-88840 93583
-68316 65081
-1135 23451
49885 90251
81650 -87117
54037 -13011
-43575 66233
38492 45609
77953 61844
-83340 -50793
2528 -88903
-16023 48573
-82819 69598
-56568 41010
44100 41316
94788 54680
21908 77451
-3861 74848
30363 -17830
59986 33623
74349 -53439
6457 -20828
66792 -28354
-19914 36579
63312 49329
-42660 58266
-96150 -34138
-52785 22292
-53575 -60325
-87662 54876
16467 -44503
93051 -17976
-27087 -89583
3032 24006
37843 26720
-61474 -3593
-18690 -76782
-39665 -1057
67832 77870
-62523 57556
-83638 -3801
70182 -60542
-10836 -55088
92469 50185
46982 40456
82021 57947
29875 65574
-71455 56043
-14056 6544
32504 -74799
86090 -36479
-67568 7270
4985 -86548
-59435 -13735
14358 -98982
49073 -93358
-24595 -13287
88539 -72214
4590 -93550
-29380 -94378
88161 44875
43818 96107
-74349 -83258
70583 -72070
-18328 27120
30229 -96890
-22298 83533
692 26387
-738 8584
53111 -20436
-30270 -30824
71339 -74268
85489 70360
-70924 1771
90763 36896
93602 -95444
-31115 -38880
-79563 97239
-12139 -75860
56140 -61984
37573 1907
86213 45541
-39925 -66151
36577 84322
-49624 -50534
67799 34233
-21260 -11419
-5504 -82094
-87218 -2041
74544 82854
-48519 -29038
50608 69876
10366 -57368
-56675 -70688
51008 70345
39520 3920
94671 -88406
-52 -85934
84017 26926
93313 -67505
78487 -75861
23597 -35899
-70112 -25829
71369 -71823
93214 -20742
17573 49750
13638 99533
82112 -79465
62900 25817
-46761 -87989
33246 -24297
25604 -73146
92990 2068
-55196 -15125
-14008 -38660
61520 2701
35981 26427
-71081 -92142
-72918 5516
-37923 30960
9618 39174
-47052 -48246
-28997 -52727
52423 14001
47479 -23161
-57300 58621
64848 -58345
48797 -5543
28840 -18116
73520 -71541
-67439 88572
66791 11217
33044 32924
85229 60257
-88231 20473
-52342 29477
84605 -30829
13088 -51476
89191 65985
-24974 -21811
62652 17480
7223 -29600
8943 34607
89621 5389
50646 -6344
-19055 26799
79527 -24181
5708 -96516
44839 -56039
41688 -90660
-51182 -55298
73502 -85122
26403 -68344
-34774 10321
22564 30879
-28013 15716
-7723 -5945
85864 -74152
-19715 -13479
49376 13702
50972 48702
-19631 -17221
26661 -87351
-599 51364
5312 -29033
38 99940
65233 60340
-79413 -2590
10088 -81167
11273 -89454
38341 18860
-8705 21090
21172 19251
-25845 2160
84656 85579
74181 -52507
11705 75484
-38771 96484
-8469 65489
-28991 64242
-38182 47413
-697 22294
-73614 -56504
-53078 -1485
17868 68450
73960 -40828
54047 -95605
55131 56892
-3325 -5615
34941 58268
-88968 -58312
-82956 57947
-49021 -82230
-16687 -84757
-5423 41667
-66573 -85549
-93478 14181
10500 1450
52652 -956
97314 -20661
-46763 -85915
90126 -57680
55448 18472
58884 84465
-55717 -75090
-82650 34849
-63322 -21469
85180 -87703
89359 -31585
-21423 49697
75627 95381
-35215 59608
-530 -78246
-23246 72161
72211 51496
-30688 84218
32822 60267
-40851 -79979
-98516 41121
-85853 31935
56884 -45619
90842 -52639
-84215 42219
-76704 -20753
-76612 -15935
1477 -52668
74775 23926
-17410 -86894
94857 1494
-45242 77793
65829 -56333
-80248 -71316
-33269 48456
42257 -44018
48379 31524
-71801 -88935
-57462 -45076
-66334 -89790
46305 29583
-31224 -38107
-4727 -50351
48718 65060
44094 -5839
-32232 46245
-54423 69603
-42935 -23984
31063 97882
-12897 32787
-14838 -17472
-81324 -11519
-56529 -26285
5167 -88234
-10948 -49644
1715 -38319
-65507 59387
67892 96754
8551 57698
-37160 -4240
54396 -16818
-97846 38224
-47300 89501
62083 91482
13125 39469
-1690 -23329
-67972 -37658
7175 3419
-27408 86138
-82074 -63247
-90737 88465
-83642 83286
58166 86694
80706 -15052
76752 84695
5058 37282
21449 29187
-51064 14239
-31301 -34547
62635 -29706
-46499 21539
60879 98229
62767 23669
43406 -6052
1010 88989
3969 -97395
-32290 22058
-83624 -38674
62132 72032
71105 63253
-23780 36723
57899 18568
-65422 48103
-4088 -48910
-48142 55485
8364 8438
77197 -92253
-30157 63705
-45377 -97931
-97252 -49480
13011 38389
-62246 65784
34518 19317
46526 -63361
-68680 21698
54625 -5232
24751 22901
90318 -69778
-92585 69034
-52298 -63801
-36909 -61366
19612 -41564
-72847 -89990
-94309 93535
3441 62893
11285 98067
-46672 -90910
49596 -84489
8493 24136
61943 -16459
-39532 -39652
-34464 -72889
-41993 37185
-76932 48415
11920 -53543
57570 98573
-42818 41291
-51968 -33163
-69013 -93222
51350 23221
80284 -73794
29797 -94697
51936 61844
42483 59336
-79355 -47622
34830 -90361
-80621 -58730
-69070 -89558
59527 -75690
93214 20447
-61417 -22316
-62571 98646
-61531 -87293
-18757 -12104
-6610 -37221
-39104 -37684
-36719 97842
-45726 15539
75204 -44202
-74717 -17814
43097 -90833
-32266 -34266
-24993 -11925
80758 -94667
-44320 -11821
-80180 -22103
-50757 -7410
-94645 9498
-75263 -70737
-95180 -26069
-65036 90822
-4422 -82207
-67162 35026
29062 23347
98253 27973
10198 -15560
-14965 -29932
-41798 36027
-50367 20291
77743 73691
-97554 52111
-55569 -74039
-30078 -32264
-32726 -14564
-87388 -19460
-34985 -26958
-48058 90448
83629 -74912
54364 -78826
-15690 -64169
8931 -93732
-48421 23910
77639 -47147
91072 63481
-91564 86752
-43924 16595
-59640 18404
5413 52060
6188 9873
-77062 43333
-63307 -62296
-80757 -19606
-88368 88457
19418 -58665
-71018 -80476
40016 41936
-48080 88284
28044 631
-91971 5468
-36335 15882
-47474 51909
-16798 72666
33801 21867
-84155 -98641
-9201 1225
-11898 61883
-91192 -66457
9241 -63316
-4148 10124
84971 14229
-79214 93700
-3185 98420
-79746 51816
-12540 -24710
65065 79816
2023 -87246
99814 34173
99465 3435
45092 -25965
-44112 -79192
15746 -22425
54469 -83893
83084 -58384
-92216 87451
58062 25051
41358 44042
32658 11913
9548 -45383
20575 -73742
-63039 -23746
7633 -18940
72127 34437
-2444 18671
-81375 -67435
23776 97641
-30578 -30986
-81001 -86497
-76366 10320
75993 -15708
-45900 -90369
-70551 -21481
-47009 -88873
20976 -44958
-85617 81518
-42503 8832
-83614 -53321
-82591 -24503
-93062 47421
-12139 -30918
8052 22317
-24172 83698
22644 97899
97893 57176
-81082 -50314
-47403 -99337
48561 -70185
98481 71899
18203 -97735
70756 -44101
-33723 -63149
-28 -95432
45246 -98247
-68946 -13490
95544 58567
-37570 -17331
-38469 67376
-46007 -702
-1347 -1638
40363 9442
-98248 -92933
76547 -32892
-29182 37776
1790 13980
-50594 87051
923 -19332
82619 -98421
9724 72862
-64347 -97367
-71771 5747
-52986 -81154
-97859 -43229
-95045 -76219
84646 91067
94192 45949
-49705 -5648
57959 64987
74286 -6971
-42119 -73858
11733 7659
-7780 88611
36920 -167
26226 -66206
5574 -54404
27077 -43413
15739 -42577
79898 -41618
-84565 -40290
-98699 -73948
-97385 -21247
85950 -71056
-73255 37489
-65071 75029
15798 -52197
-95632 -15069
78332 -89050
-68679 -27966
82116 59216
51808 53737
96999 56363
32586 -87593
36823 6395
72799 52848
-40285 76781
-21610 -87274
-3775 24513
977 63811
29229 -30336
93717 48933
92967 72220
-8105 -41964
76781 -30904
2746 -86253
57043 -3201
67532 -86211
30717 -43022
81017 2411
-21399 -66317
40185 -47171
28802 -53615
72159 -10405
-20070 72133
-26498 93886
-98186 -73181
24099 98426
-61818 -84161
-58969 13011
-26017 -87100
9272 -3954
51531 -3885
-1520 41807
99520 -74224
-13607 79914
90241 91243
-86072 83092
89326 68712
-69042 -10557
49054 -62323
51646 -80211
-32710 -18510
92534 50711
43969 41722
-15857 33373
-44827 89800
39498 36675
-22043 -5163
48899 66478
9444 26754
-25486 79880
33690 60648
19292 26268
10822 -21653
34285 63327
81434 8900
-29178 59860
41300 75663
76709 -27622
58745 9713
35711 14147
93890 84852
48645 13968
96124 -41565
-4163 96263
-30716 53494
-77716 -92416
-806 11193
77631 26167
9903 -5658
-60009 44918
88339 -72567
68908 -54114
72795 -25618
-15227 -79025
93584 43935
96025 38528
90353 -17532
-29535 -73038
31167 -35858
89531 495
19824 8682
26579 -69808
49443 7220
72427 -44544
26328 66406
-88510 -3155
-49272 84817
57958 -45050
59852 4561
-61697 -98796
67485 -18318
-63862 96724
-11359 46956
56807 99506
3836 -50546
12085 74825
38693 79638
-97927 74495
-72936 -22786
-17480 99685
-58162 -98274
-69373 73734
59129 -54565
-43895 9127
-81238 93586
-63581 -19563
78388 -80110
-58298 37982
-15504 37906
85974 21327
-1229 60181
-56474 -35015
8697 73301
-75933 88188
-25978 48626
55306 90715
57333 -40902
-78130 -30773
90240 94247
-70314 -32169
-61634 -59072
-46870 -89441
7751 -93710
54208 -84717
-63392 -43132
-61483 -81829
41788 -87633
35358 43571
770 -80014
-97584 73281
67797 44570
90713 -72092
-34779 -58228
81355 -78573
-220 -97793
-54335 9473
40839 -47622
-2161 -92017
-11133 -95951
-59231 -99813
-80905 -65258
-99609 -41202
68819 -70712
-7141 -51075
85603 -37568
40264 -93619
30317 -77296
9183 -20096
41107 68888
96542 -27748
-31706 87365
48379 28088
21639 96912
90613 70923
84618 -69537
-82796 -40534
79720 -66385
-5196 90497
86286 64340
72949 -25424
-93910 -7218
-87726 -14332
7202 4004
-93721 -16720
27965 82442
-51976 -99202
19449 36446
89128 -2893
-10092 -51509
-97195 73717
66596 -11981
-5849 35946
2512 -90131
-51646 -62104
39951 88117
40134 99308
77453 -48358
-98648 35001
93061 48635
29978 90044
-53130 86373
90286 -45641
85301 -91189
28475 93765
-20904 11152
24945 -56034
8165 -47678
-51221 63150
10093 -75371
14991 3455
-37417 70005
24583 36286
-69982 78775
-53386 -70068
-3071 -2522
29132 35265
94731 79443
4797 71013
25230 3458
-63163 94990
48062 75543
-27480 -93294
-69922 -99478
67604 -87194
71454 7493
-84907 -62496
82694 19314
83353 -59275
64873 91053
99678 -61308
28491 20075
-27517 97051
-71950 73740
-21942 -748
-42148 -48648
-93160 -65805
-14331 6458
-16308 -33538
-78359 -73265
-77188 77140
1667 28037
85212 -4107
88920 -92597
17360 98979
91878 -44177
-46319 96669
-86570 35210
50864 13686
41646 -73396
64502 -21236
43455 -60138
67817 34684
-69282 14834
-13590 47785
-31069 27314
-904 -8667
75892 96787
-90395 4998
59103 26768
66407 -76070
-8159 99701
7846 -88762
-60111 74328
9064 -52159
85495 62443
-62320 61248
1666 -29545
6299 -23792
-61208 -19379
5495 -73008
1419 29168
-17769 -71657
73769 20109
4092 5703
35084 -43081
98913 -77986
82235 -93079
-12759 54959
-46339 -64731
-79500 53349
-53279 -43600
-14502 26904
-45441 -35893
330 -45383
91243 38014
-12479 39397
28752 -68355
-76592 -20783
-87937 16795
-77561 -28085
-96207 79438
-81861 93332
52461 10255
99068 -35391
70358 -83049
26434 20171
13929 89338
56815 25431
-94319 14827
-38039 81213
74811 -97719
-24533 21720
40652 -97441
87669 33632
82622 38806
76015 -72583
9766 -88332
90864 23757
79637 -15533
-27221 -19409
957 -90282
22141 -88341
16612 -30538
17802 -10613
65985 -33653
-85444 -36797
84409 -69503
30024 -201
-27520 -83858
-60843 -10270
-49860 48244
-25975 99724
54563 49585
-74657 -95675
-83931 32759
31446 86862
63597 5742
34264 -8681
8390 9986
-45744 -15115
57800 -75332
32036 -79886
-45183 -35829
-74393 11437
24861 -35547
26347 -64470
84247 42889
-18992 -674
79202 51996
-15806 2324
45050 59340
-94754 -67308
-15660 98725
61584 -86123
-54190 -47083
-63507 14849
-3392 90245
-9819 79737
-90080 70590
20425 -32041
-5703 73025
-32948 -92175
-68308 98139
44866 -54387
49726 21284
3278 -32129
86178 -10969
77907 72183
-38737 -97225
-95649 3768
83488 47506
17706 29757
-50435 79591
-76094 72609
13844 -21087
79671 65939
24168 -6699
10811 809
-73550 -62092
-86197 -49228
51323 8241
51160 73231
32264 -2454
36371 92477
-66536 55717
14108 -12540
85233 -45675
9688 64852
-9310 36290
56875 23053
-80870 -40444
25702 -45012
-77559 -32737
-5521 13260
79491 65409
56141 -23214
90227 -93455
-81906 80464
-50023 -30793
46350 69686
21603 17880
69504 -22204
1858 -11905
-30446 -73928
-42542 79293
-48166 31937
23999 1774
-93411 -26708
-9562 -63106
-65338 -23844
-80759 -33712
97290 -66571
-86841 22830
-62190 -48235
-11225 -54262
-41629 79822
56396 -28553
-88098 -32866
34055 -66332
-50189 -61329
-39154 -52678
60395 90069
70851 -48562
10399 -77406
63483 89388
73047 29429
-35766 -17721
32977 -11381
-97434 -47771
32806 -25872
-14952 -74934
-39436 48145
35701 -21075
67769 84044
80469 -77544
-38916 82436
69277 -56094
-25945 -2996
84539 -14190
-12754 53290
30484 -49469
36838 29779
-75818 57162
53557 -29708
42091 -14317
55522 -68552
67693 95248
-49364 77849
34624 -74102
-60012 35378
-93885 81763
65257 -36890
-74560 -40037
-83456 62079
-37199 -65680
-86979 34910
45938 -7420
89091 17723
17312 -73123
-20088 -22084
-47794 -43291
-26044 3507
-69764 83918
23379 46385
41856 -65587
20672 -87025
-42889 2414
-70846 -23899
56161 14581
78942 36619
-65976 -94175
-13522 97206
-76099 -18223
55617 10121
-677 -80977
24659 6492
35692 76567
86922 66086
38159 -14059
56107 70400
99257 97412
-26255 -88394
2907 13875
54027 96515
13761 4717
21405 -99096
99354 -6070
43960 95571
-1691 96339
-17681 84302
-7123 -98948
-16883 6817
-58567 65886
31689 -49277
-94757 79105
90317 -2683
-62732 -23857
-8804 -69365
-47542 50364
-46416 80335
-28534 -26060
71805 85119
-62090 71981
56013 38966
-13153 -57780
85840 90096
78546 88094
-7152 -85952
-35492 26689
46743 3744
-12623 44865
-9647 62738
90203 -498
-51474 57064
21916 55902
61042 34924
36189 -35441
80354 99262
96697 -86082
96904 -25092
45134 -73910
-29102 77690
62852 63225
-82703 -49664
-61592 26817
10997 85928
-51042 -24039
49386 -30111
28834 32080
941 90055
-414 -54216
968 -97642
45285 69657
-33005 -27862
3133 -98650
50844 60444
48010 -90231
-34781 60241
-62050 85443
82181 39443
40444 -79991
-94646 36478
9238 -2481
36717 35029
80089 55083
59290 93452
-70541 65847
-12771 6704
68786 -115
-48857 -82350
-65613 -2003
39934 -550
-27373 43134
-32918 -40337
-1970 -47224
76133 -22152
35556 -17693
74397 -17217
27298 -14892
-75623 -15690
-52026 -1905
27898 -84626
-15496 -23884
72744 991
20642 -93241
-75913 20957
-88376 -40564
14493 -38843
-41774 -26720
-64891 -56177
38306 -60204
42089 47154
-41899 8965
14229 82403
-80409 -47951
78833 67367
322 4176
72921 15991
41748 11846
38761 75889
48482 84952
-9468 13202
78815 41234
-17426 5223
-20598 -95124
-64381 -7833
-94772 34557
-79648 -18893
15039 11513
-20891 97318
-88110 -25647
13156 -34910
92255 64742
61643 -71452
78850 -83613
-29465 30435
-71622 42652
22639 39434
28360 39049
24740 -33789
-51068 -47094
24277 60435
60302 -62605
14520 10276
34832 73220
92086 -14455
-83149 -13746
6799 -9808
-85856 -18914
79763 -79995
50717 29059
-27568 41643
-44928 6774
-89273 91509
45829 -6683
-16561 682
16167 94622
-90785 13919
77651 59417
73648 92709
-72293 49858
-14960 -96742
90332 -94676
-9549 3994
-17150 -21228
-39121 -45614
21810 -68922
-33244 -94170
23035 60655
84387 13817
82647 22386
-22712 -22135
79147 70575
-27390 -35108
82398 32637
4851 -74339
-87310 37290
55440 -24910
56037 79891
56797 42440
-82652 -60680
83386 95933
41659 62504
-41992 67362
44673 3073
35219 82346
77483 -88721
-42452 -81239
-86835 77607
-46350 86967
-28612 23046
-49085 -21897
-51064 -91514
25109 93813
-93608 5172
-15710 -54202
-49304 18520
27556 -60664
-63771 1917
-46579 -65022
20656 -12277
40358 36273
-7326 -86164
51128 39731
-79710 3775
-25024 -15306
-48821 -34373
90610 -31969
-34875 -15819
-12827 -91613
5329 1517
-48397 69331
50063 91360
73291 16083
-17304 47722
-8461 -96948
73439 75246
-67288 -45006
61147 69992
-38717 -13545
-31550 -49090
-3673 -30134
-59200 61744
51371 35778
-39483 85069
16711 -95412
46175 -1382
14983 -16364
-18413 -36130
-41565 47157
-41887 32578
-58422 -82948
-10687 51360
53392 72296
-52195 34102
47727 -37352
-90812 11803
36642 -61167
-33464 -60782
4138 29762
76587 -71313
-72185 -99657
-79668 91706
55337 -34829
-66516 61051
-26496 73524
-20677 65329
-30329 99920
82814 14664
-89500 -82746
22216 11818
-43837 -27283
54992 23503
81939 -87514
-15094 -6541
28724 1964
86095 43295
-20070 50481
68066 -12358
-46363 -57997
-81935 -54003
58907 28229
53930 52974
-55252 -28084
-24432 23317
-53178 -65134
-34468 47397
-3335 94584
-8800 -37130
87085 -33986
-57388 -57409
85423 -42552
17512 -94450
-47534 -52517
-24628 -20009
-96095 4054
54638 50223
-52964 -14016
21325 57440
-982 35462
-84351 6130
-18857 -52167
15710 98498
92283 -94607
29025 -56631
40108 80603
-3119 43530
85163 -77143
-47007 -65935
-92103 76253
49264 -97190
-53072 60487
53710 85932
-46129 -7335
-10769 -83420
85981 86920
29900 55857
84309 -9734
82257 61426
-76051 38167
40994 -29663
-16388 -95485
-77382 -54901
-89415 8023
-94941 -88978
46408 28036
88059 -46541
18305 -65095
46213 13672
51301 -27139
30871 27780
-68519 85615
-723 -47323
37043 15977
-7649 -86358
31289 -56956
-58150 45347
89501 74531
-37408 83596
-97923 -19817
-64515 69850
43621 -25451
1728 -99201
-15698 -28278
-6283 31852
-64223 51286
-34301 -52411
73773 8219
11400 -76344
35915 53350
72829 -31919
56074 -68676
-60489 -64859
-58019 -96649
69431 37218
45165 21622
-40799 15306
72239 -8349
6454 -65740
71756 -52811
-67825 51846
34393 50187
-14240 33904
-68540 -2142
-54220 -41820
-6814 -54501
-81411 12149
58871 95101
-51722 84809
10448 61853
-57513 -54321
57147 -80097
-78454 84573
32337 -69427
65331 -69927
51633 -1614
80271 -49131
-44312 87285
-19425 81556
-99029 88216
99114 -36478
80658 -22452
41666 9120
90978 68161
-27324 7467
17772 44045
76004 -56108
60272 -95274
77947 98819
77456 67793
-1517 74635
13297 22812
-91240 7700
-89188 -42537
78270 -80123
83921 61875
-28585 69921
85156 -80547
-2470 -6036
-17009 24058
-45862 -79560
-9008 -81846
-61754 -76787
-80688 79470
-70477 -17157
-35775 -87679
-49454 -41376
-27282 70487
236 -34085
-43266 35018
89589 40719
-23843 -37114
-24632 -30192
46106 63449
59707 -17456
17858 -84988
-96510 -8801
32114 68547
73831 52853
-92748 93787
74718 48918
-72167 28622
60407 -83501
-84479 54047
14782 -25849
-20664 -41538
-75838 40874
-24865 49326
29093 32457
87585 9472
-6099 87037
50878 -49521
20193 45188
-45412 -87339
-97374 13055
60525 -7134
-32366 79512
-47099 -36622
83861 65966
-17992 48383
-97488 620
-48377 45425
-84176 42438
-5434 -25117
-72136 73055
23064 -52553
64909 97497
3831 52575
-48929 90092
-3026 -84230
19666 74983
6217 16716
74306 72363
69164 -42757
-53840 94853
-44681 -64336
29711 30870
-34653 53363
31066 -34496
-99861 22125
-20028 -2560
-5031 4439
-23820 39241
-28896 -25596
84021 24324
-28092 888
88912 -69692
81291 -28450
-82542 -2819
85544 -84334
-27531 -19314
-39590 63423
18400 -81014
-25915 -26582
65473 93189
91929 -36796
-94428 -71552
80703 42482
-80493 15704
53140 75854
-46112 -85024
-46133 92132
-39266 -45729
-82137 81344
22974 87912
-35516 69976
-30512 -80923
-72354 -93485
-70563 -2439
92187 63524
58309 -52083
5090 95779
2510 -87391
66750 14503
91745 10339
-22351 -96700
44647 34393
96768 80108
-43470 48148
850 88107
-68098 -97234
85727 43346
39408 -76012
99620 26849
75040 99827
79646 -74588
-6048 -23187
-23715 -87688
-42365 -7070
-41150 76471
-73906 71994
83945 38827
-73691 28159
-64381 -14546
40546 -74553
-53809 -11397
-95379 51739
87907 66789
34755 2806
2027 48922
-42614 -39176
-83992 47076
-143 -68258
-887 4232
-19658 3790
71326 -22408
39079 14438
87650 93648
34212 62354
-25288 1792
-25755 55765
-58038 -24703
38254 66656
35529 19844
93831 25371
99703 -35538
-83135 51395
-94560 81216
96384 37597
69620 92348
-58203 31444
-61084 -84936
-4103 -62211
2965 -46340
76920 44474
40443 32387
82307 67286
9408 -81457
-40440 -92594
-29134 -22957
98063 -26126
-70957 48362
15977 -93239
88079 32896
-75981 14679
17470 14194
45097 1977
69685 20455
12747 89539
-57841 64557
3404 77837
89575 -78035
-41445 -90800
60250 83162
17881 -25365
-5940 -47742
-54834 -76018
40464 80658
-50515 4982
-72836 -4591
65409 11278
-99879 -11762
-67411 -87472
-61717 99947
88752 15019
-77134 53567
37095 2742
20537 98775
-37650 50646
-19041 -95450
31031 55541
-86405 63136
-11862 39992
92559 -35229
99376 -8223
-33924 -63349
-23300 -1487
45118 76988
44228 96124
-2758 -47733
-25783 -56218
94025 -90251
93346 -70539
96901 36050
83306 68135
58624 -15310
-3475 60868
47933 -27437
-42034 -83593
43742 -39407
88568 -74112
99607 -24922
15518 56865
-6406 -10722
-95938 48517
-67809 79531
45381 -49899
-97832 -16058
-17561 80916
-16584 86302
-51598 9351
45640 49617
61800 -44567
-90135 -60118
53874 8990
-41620 39443
-30419 62357
-9014 9871
-45103 -15981
-52546 -23753
-94512 -49590
-12220 79855
-89294 -63409
-71375 -17584
-5991 44243
75325 -69521
43268 50815
68529 -3855
80377 -98471
-95437 58763
23493 1358
840 -38238
-87547 43694
24527 74667
-56545 1398
-80246 -85739
-66014 19638
92208 -54228
-43261 45391
26269 56980
90212 94812
74746 -6452
86982 28864
-60724 -40139
48127 51412
-79970 -31895
18354 -5624
8626 62976
77713 30717
37078 -72172
7723 -20526
-95993 -81758
63563 -5325
-66728 -46355
43825 9152
92869 -84320
41543 13273
89671 -40159
91170 -26663
91837 -5774
-76680 63668
77528 -27157
94820 -57574
11678 44744
40893 20602
-98334 35452
15175 -74399
28670 -2335
57516 -27553
-27058 36083
-32155 32370
89657 -11697
-49261 -147
16174 37605
-11493 14303
-344 -69865
96356 -23740
-91402 24758
79552 73392
-74478 -93800
-10760 -30185
-25816 65099
68211 41569
91697 4974
-77949 56533
-86728 -80056
-38146 -60140
59192 -4377
22864 66450
-83596 -10969
-55755 70507
-51605 46425
-1555 -22710
-23422 4317
-38432 51536
-7232 8802
73274 -62208
14379 -53910
34619 81784
21170 -95609
65302 59325
-73908 10314
-15886 -98493
77561 52643
29890 -78387
42880 -28272
98018 43443
44560 -8902
37379 -81594
75877 -37195
89222 24843
-2203 -44909
89269 -30892
59782 44759
80222 43520
-87679 98358
75898 37347
13996 17455
-65687 -43986
-32721 23689
95444 -8966
80592 65321
86848 24421
-83149 -8751
3261 2602
-87901 -87388
-16320 46264
94719 23687
62554 41833
-2523 -68036
-40003 -30896
-48540 -64556
-26731 -67574
46143 44809
-89846 7463
-70686 97991
-59205 -23368
-9628 -45395
-64765 90901
-57040 -1225
7197 34486
-98634 -30042
-84872 90059
-70641 43742
-3610 -75654
-6943 45758
43691 63715
-16872 -98446
24250 -26361
-15367 76628
5989 -63604
64705 -84904
10692 -71324
-82530 -59194
-45200 -76239
-64376 95494
-80579 80541
81905 -40743
11476 -24674
-83921 15673
15260 -22825
16668 92746
83688 -95450
51348 -65497
-85649 52829
6672 94305
63561 -45779
-62794 29439
-21460 -75372
35548 88270
-92146 -97634
64054 -71773
-63078 -38358
-11566 92529
32180 85178
43497 54723
50764 59413
-1047 77462
-77411 -95326
20417 -39354
38306 -67622
62178 -83954
83395 -39767
23605 -8177
41371 -86758
14817 54974
34023 60565
83700 -89249
-86759 56994
-27934 -29640
67433 31894
50993 60181
3721 7832
-39651 68738
86956 -6394
-99397 -8459
-81627 88959
45212 -73598
-40253 -41869
-25825 79418
-84483 3051
-97494 89735
-51789 22155
26854 -45272
-3612 77753
68793 -29304
-32098 87217
68782 15572
-84781 89032
39814 -79289
58783 -82025
43268 -51297
-63967 -12132
59549 -3521
95036 -87690
-79230 -95541
92965 -71906
2018 -40030
-71369 74678
54337 -32295
26929 -47032
-78421 -5198
-4116 89637
-120 -13089
48026 -36177
44582 10761
10900 -28713
85819 -18600
-23775 -2616
-28288 92659
-38455 22258
93666 -35373
56131 79997
87613 34374
14482 -95961
-99365 -68636
-61764 54418
-39220 85496
50308 20208
69234 -68016
27508 -54650
46256 57545
-36695 45266
-47101 -37464
-57987 17333
-55760 13699
-6667 -79841
-63993 -11772
-34552 -64201
15051 -47277
-24559 48070
-16943 1424
-17396 14434
-1738 -75182
78770 82442
-39963 -59321
74740 24277
95994 -49971
98266 -40872
-10816 27811
-9201 -60650
85641 14776
4141 -50060
87886 -63596
-55284 41259
-52962 -19701
-37128 93559
27386 -82411
84979 44171
-48952 21895
45199 -81947
63495 74847
14469 -38046
5076 43841
-2752 26653
85361 99641
-80395 -85646
86096 -4324
94652 60141
35322 7286
-2104 -81357
57693 -83332
-77873 40630
-8809 96785
-65694 -69046
-53465 -11578
12143 38246
67008 90474
-11860 -30911
75029 94472
-83428 -58702
-11219 49356
80333 95894
6445 -60694
-4414 95841
94074 48940
-34292 37639
54405 25818
-18046 96477
67296 -37728
-28624 89483
-38258 61379
70134 16995
39314 -73311
39179 -84566
-22847 -56118
84207 89539
-84226 54558
8472 81480
-68737 -10552
-45140 -90
98414 -63232
-48468 -59017
20913 99321
95177 56731
78994 18559
93440 -80538
9612 -77737
5511 49118
-39915 -52427
46353 -13765
9756 -68157
-48248 27988
86372 -28402
-59457 22678
70191 -5726
-21931 -95981
92718 81635
-51995 34796
74088 3243
-25855 -98687
97233 -19221
-74257 -19241
67380 52053
-57760 78030
58115 -6296
83160 55943
-86740 39128
72515 -97674
-33813 -48785
31167 59302
-5633 6243
-36313 -49923
-76351 96789
-89562 -77585
-1434 69101
-87188 -82316
78306 48101
18969 -15851
66599 -98663
34921 -21191
89266 62829
94389 75888
-61066 33621
69499 -10816
93338 -56097
18075 -30389
60600 -90542
94703 -32101
46866 89042
-38254 1210
-77815 -45168
54586 65807
51551 69621
-96232 1607
-32256 -31820
-17390 17703
-70287 -21584
-29008 78521
-8788 -31988
20094 27767
60591 18318
-98835 -28009
25315 35170
-57223 77947
64936 92112
97502 18070
-75709 4791
-70009 -36681
-36893 90173
83267 -16610
91066 -7753
-94787 33790
80061 51453
70484 -51496
99070 -24440
-8336 -95692
-53004 -33545
68958 -20229
84922 -22222
-72856 16916
42204 86573
-56715 -44306
70818 -57554
-60697 8575
66067 9102
-84608 -17038
40033 72521
-29828 -88895
-92734 -51053
-74819 -83319
-574 -59207
-91349 -37736
753 -12599
-38022 -30210
-74408 74181
-35019 -2784
-10686 41295
5205 -19899
13889 54158
-4354 55641
37786 36517
-41200 -74936
64572 98306
54756 11514
45562 -30379
-73294 -26025
-8191 -35030
549 -72306
37178 -95676
2839 77480
-77434 21233
78494 94848
67825 -99078
-37755 -82846
18308 45406
-11345 -67708
83041 9055
-38934 -30934
71789 43801
-43262 16098
-6185 1351
-44826 98222
-16955 -92010
71567 23297
-80800 33079
74392 -83110
81707 83130
-89195 -33968
64413 -70522
32610 -85222
-51294 70686
98682 -21392
85240 58188
-71027 31263
70944 72975
-70664 43158
23041 -28434
95191 50330
-63511 64736
-94541 -20005
-78064 87695
-22496 -20594
92595 13615
-17427 10718
96745 -50331
-32464 83670
-41698 -98285
-24629 3533
61489 23533
42499 41664
82659 92914
-20073 -83695
-89656 -30245
22701 67854
71946 54671
-10600 99807
-97311 76187
-68140 97368
14224 10514
-61073 98143
66258 -82004
2161 87472
-15734 -45439
-8632 87498
-23343 -2153
82744 85551
-64946 -25259
30333 -8913
-40727 15364
-13869 67551
-70360 -58702
-50213 5835
61635 -90501
-28767 -11877
-57287 69304
51129 -1883
-71419 -83729
63381 81368
-52756 91547
-62571 20305
29706 22987
-58227 -55205
-82485 -66827
76012 -19424
-94954 -69042
70877 -68277
83866 15537
-28124 48009
-28290 19675
92885 -63240
-54204 62406
-7877 92868
90071 -31706
31336 -61546
-43712 -66852
56115 50845
95804 -94350
77913 43988
26782 70959
59551 43639
23980 38279
-89122 2429
-18390 55059
-61146 -98303
-9907 -42316
89485 -85085
19231 35330
63917 -46218
-87421 -71751
29872 -79142
-86691 46036
-14964 -99730
-67827 -61184
-6318 -59588
-15476 -69981
94897 19739
-49356 -52000
-52693 -24572
-32102 -65171
-2540 81909
6607 42042
40468 70184
-1213 2354
53984 11885
-86000 58256
13159 72576
-32619 21959
-80604 76165
13325 43922
89922 42068
-408 36356
86393 83413
-53482 97549
92095 49827
58219 -92248
60797 -2323
24931 20213
27566 37147
40043 63400
-15373 70936
-41247 -32901
87857 -43049
-92520 -92115
20644 -35829
88023 97677
41396 -67859
-49438 -15095
62094 -50699
53947 -9632
96331 79557
-14173 -19018
-39235 59437
38974 11257
83494 -36031
-29493 -63207
-60219 33398
-15171 8964
-6948 28335
-94565 10247
-70940 29624
-52891 32391
91307 -28252
28155 -7759
-66924 -71585
21396 -69978
-72359 -33910
-3035 56688
-6124 -73138
52056 -35103
82412 1200
-31524 31911
-5075 44252
-3239 -29548
-7337 -42568
10635 -46724
591 76312
48234 -6600
81042 41059
53610 -62037
24946 -18289
58978 7215
65380 65333
-58354 57778
-9485 48788
-4209 36831
-24318 -31810
-83763 61000
-18133 -62047
-10257 -7757
-70085 -26825
-81027 -38405
93652 15166
47273 24200
56827 -26291
-43989 40680
-2384 -27357
13305 30176
-81515 -74784
76533 -93253
40684 22799
-75309 -64210
69524 58633
-13134 14317
95108 -91184
-51711 89377
83827 74961
-38456 57559
65565 -7883
-43721 45465
48843 -87725
90973 31246
80540 -24853
-79024 1137
67479 -77018
51341 -10367
50631 51442
54525 -43560
-86328 29755
79867 76696
64105 33382
11551 60654
-3293 40814
93144 54415
-14555 -90092
-28098 2053
55596 -12625
88401 -77821
-52847 -95560
45724 -22764
77079 -15885
-20672 80653
-51705 65885
-31509 -20126
90172 17460
-82051 20464
-61173 17697
-84298 -96870
-79898 -52557
9692 98136
-24646 89329
-94185 449
-2752 -85321
-4172 6963
-32490 -36730
-60074 -53146
63279 -85536
31254 -16991
79119 -10832
15780 -96841
85358 -56369
38354 -9044
-56378 -556
-55578 -72498
-27386 -96303
-14256 26414
29139 81075
-47133 -84914
12796 -93428
-17742 -11671
-80388 10349
-36860 -93519
-59142 -11253
-29586 -58475
96737 -96654
-87961 -18579
26926 -43700
-55451 -67386
11965 88580
-84385 62204
-56713 -36866
58431 74428
-92713 90825
50062 -5300
-94235 -57320
-18826 -76955
-34182 54583
-63736 37007
86192 4513
29068 -12010
77146 9513
-87012 -84027
-16318 -12361
-17413 -26842
20044 92440
34538 -19873
16797 -89605
13211 -30776
87537 -81467
-86842 60206
-33774 -29383
-17908 -59363
-13587 4793
-20167 -63456
46419 -15790
-55094 -73426
45472 -52536
-12504 33539
-89310 -3923
17856 -66658
86993 3509
-49480 7449
68220 -79267
-77249 -80083
96080 -60512
-44971 -147
95699 9363
-47911 -78252
35525 -49457
-55747 -54500
-20724 79019
-60278 50517
-10035 9099
13764 -77223
-47571 93901
-11568 -90434
30226 -70489
41259 48755
66944 17770
-82243 -37757
-44968 79627
61037 96703
-74661 -86052
-16094 -96596
92559 -47910
87206 -30771
58379 -78256
-98616 73192
-58747 55583
-55202 -60504
-74595 59915
-63516 8988
-16133 -30587
32746 -98875
-30731 40866
-51908 79239
83324 -32099
-80816 -54876
-72839 76266
-99571 -24409
56499 47683
-98989 37794
-85626 -65064
72715 -74074
-78708 38022
47639 -7622
92083 77260
92086 -70267
86045 -58810
-13195 90883
39805 -32405
-99029 -916
-64670 -53945
67717 -77190
45679 -98107
-96821 -57762
-20641 62662
-4048 21634
72804 59678
85385 -39570
-65546 -1659
-8851 43296
-61708 -43913
-18784 -24798
-41972 85858
-44539 91101
-62995 6585
-46598 7046
-55775 4753
24798 90269
46741 62416
32370 -8690
-29407 42662
15627 58924
-44162 83178
29526 38737
41350 -78424
-98387 38271
-65146 -55504
97643 63651
-22044 67739
34885 93627
3841 -90336
-29860 -74268
80937 -13996
12181 86561
-62442 -16405
-4856 32522
70206 -53558
67769 1649
-14006 -82265
63004 16940
-77176 -65095
-1804 12852
-10603 -97520
52871 -69594
-48170 -14519
-23894 92053
-25749 -93092
-8769 -3266
7493 22704
58902 -46536
-51377 12704
-41136 84219
77329 29646
-37001 -58450
-47178 -17427
81492 58077
-97008 44919
-47654 -67776
-54059 23503
-86883 -43446
27855 -4688
39305 16528
75919 90648
56226 11643
46527 58205
-56025 -39439
-47668 34149
8576 -78611
-18425 12203
47175 41562
23746 -52464
17556 49143
44649 -96435
-62167 4700
-21231 19032
-2010 -86330
5359 -83451
71343 50816
2999 13050
65728 85346
-42228 63547
53877 -87003
-40142 -56878
25796 -14092
14484 82697
47805 -43780
16606 6418
-22186 -53300
-89382 36017
-5326 -75042
11948 93942
-5238 94807
-75048 10884
-83832 79203
-41077 23888
-68881 20619
-8943 -81561
14713 -96348
-27219 82007
48604 -10140
26812 58655
-67105 76304
-2882 49900
79943 -31756
87097 51178
37657 -74628
95427 -98547
8249 36041
-98051 80147
-6163 -22600
-9470 17291
-53088 -5600
-90149 -3186
-54216 -14422
40445 -27967
61361 27424
87766 -18190
-9003 74620
74995 5933
77833 63340
11724 81949
53910 -72964
76389 85424
12109 -94520
-17156 -60755
2176 -3502
28400 -51109
-70828 -42869
-91686 91514
-57785 57295
48619 24622
-47718 -4277
17069 -722
79684 59875
-92359 -38200
54145 21932
-16126 36800
-62682 -74958
-27202 85710
-40920 -47877
39589 -2476
-14630 -10510
-81088 -50420
-36907 59684
95755 48337
-98270 16412
-89727 -52143
14367 80185
-21360 -27922
-60297 92823
66271 69045
86151 33056
79945 -65041
8585 28774
-45243 -15893
24288 4447
41018 14675
43780 20193
-16960 62819
38980 -36320
84207 -3101
92586 -62534
65295 25911
69726 -65459
-4817 1478
74306 -56778
-1986 56975
46981 61741
-46999 50892
37383 59539
21314 22153
62448 -81059
-47092 72541
-54571 -68389
-97955 -36347
60806 -32112
-72974 -29403
-99355 -23151
54727 -97530
-3920 61703
-22844 -89862
75630 -73831
8759 40278
-57575 51843
94933 61967
71712 -88059
-37917 59774
-88628 85601
-90341 -62640
45491 80453
-43076 99263
23013 35518
3698 15498
-57897 43922
-15161 -72349
93282 -45327
48493 -78201
-16718 61048
83181 -50761
-27049 -95151
88655 -74824
97043 80349
95513 -42720
10010 36385
9438 -90821
-3337 -61379
6596 22462
46615 8287
-68961 61905
99588 -12192
-45235 -8692
90870 -9380
39707 67440
-89772 11073
30284 81833
66251 -30298
-29876 89355
99948 -67923
66874 36433
75407 -64573
-10431 -99313
-31486 25555
53210 38454
55892 -33661
-39539 62847
-18555 22192
58755 -48913
-9723 22416
-17646 -44032
61389 70025
63229 -72717
85769 89196
9085 -34022
83997 -63129
20819 87838
84708 -94763
-59123 -9770
-91522 -92401
-69893 29595
38044 30953
-22268 4854
99394 81575
87352 -56405
72935 -74526
77702 -54520
-74318 70981
30956 20850
78061 -24824
68068 67331
73737 42561
43667 27519
11225 2440
-28683 47605
62430 10713
17433 -50917
47498 -93119
36586 -46947
76380 63287
-51644 9871
-97310 84351
13545 -98453
75292 71862
36837 4681
-29260 -82364
27271 80937
85834 24232
37540 -50017
58536 63212
15442 10301
-67703 -54821
-24437 83297
59457 -74746
8105 -88018
-43813 -70202
99713 87729
85721 -68711
-47321 -79808
31863 52780
-84313 -87820
-51985 -73726
80644 -2860
13016 66675
84845 -23973
79147 -25449
17821 -59748
-10375 -35486
96117 62823
-29376 19976
-25747 81960
-78911 -2063
-8658 -88180
56581 14737
-23247 66687
31058 -30703
-76279 27290
-70814 -1917
-85926 -14625
-13183 11876
2312 20855
-76304 10054
74070 -68682
-48514 42047
-17426 10402
-93040 -73700
64262 72835
-78914 2050
-86195 -78950
87504 -24386
70574 13548
59760 90984
31160 -10574
-6735 -7825
-5007 -58035
15067 5656
-46203 -18203
34652 -37938
-10372 -4129
-21767 -12568
76980 -13280
-89423 -61596
-25744 -68001
10475 94561
-96663 78217
15563 2922
-98520 77867
-62381 4685
95733 68544
-38075 91430
14902 32677
-71194 -37581
69497 21335
15700 -87253
-62771 91671
-52576 -67959
-59701 12399
8661 -2334
58930 -63450
-3251 90732
-46774 74664
51942 -92635
-43452 -18035
-96748 -19156
85363 6012
3986 -57854
-43130 11620
-83625 -92676
-65765 76520
-46649 91935
-67317 -93623
69262 -45808
-35333 60739
-29465 23760
29063 40504
-89102 13937
61536 -23041
35629 -55790
-38293 -17359
-65206 5154
-19922 48865
26757 -32295
-77419 96320
-16130 -91593
64581 -50818
-10105 -83861
27365 17544
-67328 80668
-25536 -47628
-12286 39141
-16349 48685
-76468 -31375
74471 -80806
24505 -32389
-73003 81826
-16746 22196
-8938 43622
-48089 73469
-46289 894
27599 75659
-38366 -96264
19803 -6797
-6404 -8039
-84176 64623
-12498 35233
-18468 -78
-98390 98674
-15772 -26137
33432 -81656
-54634 51666
70792 -66704
-5197 81516
-54892 -1537
-45268 85776
92930 -94801
31048 -42797
-53837 90624
-52513 -167
-97962 77378
6402 -85673
-84610 16913
88294 46501
-53483 3668
-62394 42391
86771 -72316
51962 5090
-65134 19865
64893 -41779
-46033 32754
5677 -61783
97933 73429
-16159 48014
38730 -70262
-63068 -2839
37262 84897
31958 -84511
-16169 33672
20411 -78506
-95417 -96939
70281 33001
62007 45576
48297 -43259
-14807 31771
-56063 53497
-13960 37307
43931 -49661
80322 -98361
38848 -58534
4773 10471
-4875 19568
-29556 29982
31174 12768
80216 69981
-45714 19876
-36321 2016
-42062 1506
48284 55204
3410 39646
-79120 -51331
46993 11789
76343 -98019
-32361 -91420
25172 -5325
-60192 -80951
21741 -24166
-38419 -50123
-13849 33976
-74531 -40662
-79945 -10305
-11865 621
37973 -48284
-25215 6818
12242 -75002
54767 29745
-69263 35949
94641 -69146
-179 -71313
20486 28459
-99172 14844
-66344 -46802
36837 -4103
476 36150
76148 -25732
-73009 -45096
60705 -76630
-28468 -12375
11287 -81057
-15849 2918
-20972 7688
-78663 -45409
16848 75144
-11504 22759
-89472 851
-43605 96750
-50201 -1985
-84746 -16468
-84714 49293
-67152 13467
-91851 21222
90857 -72492
-11548 98560
92710 71407
49387 27257
11454 56158
29077 20204
-41129 -54141
-52079 -36674
56836 4720
45811 99831
25862 30238
-54601 86773
66060 -24749
14146 -70694
1451 54147
-33396 47987
-58960 -67955
60870 16177
18141 -34211
52947 -37208
-32344 47953
59314 -3576
-25451 -15302
27862 75504
39778 -79379
41705 41150
33274 22958
-31318 20385
-73091 57436
88222 18578
-71753 71044
67583 -44575
-53875 -14247
-42292 38045
47578 -51878
56474 38557
63668 57679
57511 16991
84564 74622
49123 -90437
-66737 -66291
-76332 95288
58070 -82232
24611 71997
-92611 44051
-82107 -8403
-94399 34298
71912 79931
-89221 50684
24606 82468
46345 -64698
-99033 -29875
-73909 -2510
32877 3162
-31814 -25787
-28 -66822
97138 80509
66076 -1232
-82566 -24709
62678 -99660
-45226 30413
11460 51917
11389 -65657
1397 63296
52061 -24119
-49766 -84265
40386 -61291
61951 69493
74875 -68213
-2441 49585
44225 40983
13483 -733
-44400 14843
-58984 22865
22514 91695
-21372 -32319
-14493 -33928
8036 -34630
-97865 81766
-63975 -32721
-92522 71998
-44770 -29192
-51918 -30258
87728 -72919
-10992 28983
61792 -50289
55732 72352
-56391 -35017
-58934 -16735
82766 62295
70995 61838
82683 8123
-14953 -10611
-59825 -52481
-9071 -38542
-25827 -18654
-7617 33240
-31248 -64086
-36492 93759
-25222 94384
96953 9055
-14132 -56686
-56664 78154
-72969 26759
-55940 32368
79009 36699
14025 39256
-90433 98358
8917 76154
62765 26684
-4749 28022
27670 61365
71106 -82790
-76172 11491
-37689 -66113
63277 69793
65761 99155
-27581 92520
-22273 -79730
4976 -97745
66792 -50463
-39338 39706
-15361 -35132
-76599 -88230
-5873 -6323
62045 -58052
88604 -20978
-442 -7044
-48461 64230
94470 85718
23071 56768
-61292 89624
-36919 98053
33797 66856
56553 -1143
-23757 -76114
93255 62463
97657 -94981
-41208 76765
-95654 -42978
-49216 -12306
-3022 21027
-3656 -68873
-11881 -93570
-63137 69790
-38716 50517
-76256 68968
4381 -10719
62091 89401
50337 93516
-24089 61099
-50380 26326
78594 -50260
19052 13916
-22584 -23031
46707 -93336
5152 66701
-75368 2651
21471 24520
-24648 71101
56665 -83166
-65352 95578
50760 -85861
71027 46316
63046 24947
-22289 48205
85391 64367
29488 -77238
-32749 23407
40053 -37253
-16682 -41231
-9112 -72761
-67095 68532
48475 73902
-84199 -66886
69621 -78577
81089 -34782
-56926 64116
-38412 17662
45625 -2034
34859 -22514
58409 -54219
-36528 29906
37882 83361
39623 -16239
-68302 -85389
-4866 -1798
-31832 -54802
31323 -59657
32077 99275
48464 -72833
54819 26589
-21248 95766
-11118 -3371
29440 -8115
32929 72056
-69263 32488
-89399 55817
-23591 82838
75490 -13363
15559 27901
-35354 4139
-17315 -83503
-69887 -51550
86863 -32729
25190 9259
28988 99739
12265 84151
-41446 87581
-42593 -94356
87937 69428
-23593 12960
65105 8452
-27785 -41445
98577 45539
18389 -52763
-68953 -31337
-23851 -51095
15825 -94381
37858 84678
-62053 -70618
74738 -11159
-50718 -66979
-43922 53450
-12923 69412
79704 -81369
-54679 64636
-34698 893
23819 -53262
15786 43566
93285 -11892
17572 5944
27954 -60153
-65647 -15695
-85809 -69059
24886 4525
-47229 -74595
44637 40833
-51151 -57246
23112 23817
-2629 -68648
-69818 -2864
-2952 22414
35696 -91196
31977 84096
-24715 -79723
45691 6382
36643 28086
-60614 -64003
2207 -73850
49304 -8565
9525 -9464
40634 -9350
-19763 66787
-83292 41398
-36222 -43718
76037 -40443
62724 -89510
94453 40930
-20660 26183
-14232 -68025
-98502 73148
-67983 -90919
-97455 5
-52487 22156
22288 -15459
19828 -19318
-10680 22189
38115 -98371
33870 -95527
-62616 25659
-29271 -79195
10520 -75568
-10191 64948
92804 78205
73224 -53688
46813 59033
11970 17531
46588 -25147
55944 -62112
-86929 -85630
97768 6476
-2112 -24741
-7796 -77806
94672 -50419
92739 58517
-42655 94880
-19232 58984
-33420 56808
-5769 -48026
-13140 71757
-11603 -81945
-37833 -93459
-82570 -56403
-92360 7753
-34277 -72034
-72792 33580
-42659 80043
7982 -28119
594 63956
-26499 62691
83985 82114
90897 76118
34038 12545
28048 82072
-27957 44573
43477 -20368
-48213 -56255
63940 -89572
24368 -30500
11468 61462
63751 -89725
-39202 47001
66265 15891
75569 -42182
-48438 34347
-47150 41493
93831 -81646
76381 -70358
60217 27940
97850 82026
27097 56908
-78822 81519
-22062 79704
66603 -4930
-42033 40903
-96829 -73556
-53074 48531
-65569 12511
-95514 34214
-11216 24729
57726 -87701
-4091 -43969
-58501 44460
-52361 86896
61569 7769
-73667 -21355
-97550 66688
-84850 -73516
101 -42455
19721 72267
95504 -43256
-40547 73404
-98617 -94016
92066 38485
57287 -82459
25058 -34471
25052 -28762
-10635 -74700
-45988 -68103
-29852 -26990
-97261 -74305
17061 -32219
85434 -81261
6737 8339
54306 86619
-40691 3080
-15082 25880
5692 37394
35687 90628
4424 18544
52147 -43623
87256 -2222
-40139 75348
85375 48439
-72754 59884
58340 -72381
54887 13911
12433 -12700
-24769 76483
45888 45366
-93179 -84267
-6060 -60594
24137 11894
92127 -97908
67029 99921
72921 -3075
64709 -8541
-51644 -75556
-63290 -70437
-82770 -52159
81518 -94262
67002 77232
45773 -90803
1076 -92844
-77224 -2301
71418 27550
16091 -4126
98407 -67249
-6641 -52759
24236 85985
-52499 -98756
-6370 18924
-88918 71562
-60522 -1879
8648 -69993
-78394 46070
-6418 -40516
-86320 -22685
-21126 -86428
-43790 -27314
43013 -72971
67946 -20473
86837 73872
80862 -20023
37437 57496
-25768 -23618
41089 -14030
-55947 -17893
-60075 -56892
-60658 23809
66308 74488
69480 -63377
-5254 -34731
91936 -76537
-14749 59040
4411 -10631
-89559 4585
-80773 3274
41815 27931
51908 -33654
29902 78772
-68829 -57999
81036 42401
96914 42191
-65483 20409
-55722 -95624
96597 93643
73797 11411
97273 72236
-91945 76802
-16952 57417
38892 -98564
62911 43564
10039 -60297
72745 49005
-67883 -4969
14297 82667
40840 33223
-82790 8846
-7001 41679
89070 69676
60736 -6301
788 56525
-6896 84268
-59504 -37689
-60805 -56579
-59171 81294
74793 -98152
82996 -29147
-94172 56422
-53500 -61020
84022 -94498
62322 -21153
-16383 -85450
-91956 -32493
-80699 1948
-53093 -26741
46318 -64298
-56247 -46569
-79904 -50710
-22163 -33987
73143 71335
-70589 94582
77749 51844
52843 67470
-81072 -88004
19842 -47744
80241 85780
-91216 -14053
-73839 12225
62597 19175
-52708 91679
-24641 -18486
-94298 13837
98460 35814
-73106 96132
-74427 -8379
6263 20546
89271 -67176
-89011 -65173
1202 32543
79524 27962
87292 -82769
-10799 11544
85188 -38592
-24387 -44599
-25711 28392
40988 -87048
17663 -94090
-14822 50009
-30012 -71362
57645 25436
34525 -97028
-80245 82152
-92373 -15466
16550 72901
-95448 6281
26770 -41467
84053 42547
-34842 46680
63862 43704
-41263 26872
563 -604
75187 -50978
-38159 61440
83433 71090
24798 18458
-93113 -4628
-94941 -8621
-57935 69197
-39462 84097
-20007 -6016
-21122 -27021
60625 29919
-25925 76361
67619 -21965
-80519 -15853
-13722 71851
8855 98728
32167 6991
-80301 63581
-45946 13060
-11854 68988
-89575 47129
-97048 -64621
70883 -21655
8993 82206
2040 -52767
65486 -10120
-83665 -3574
-99255 -89390
-22854 -17903
42013 2375
18587 65258
-7678 -57536
60834 88057
65517 -97691
-50165 -60412
48393 34237
3541 -62160
83359 -95613
-42269 -49444
-96241 24350
-51024 -71280
74311 -38085
-83028 98749
-91596 14611
-64837 3656
63325 -22183
87354 -46191
91527 -51522
98094 2483
33755 67203
43704 51632
18086 -77518
-18026 50798
-88018 83454
85694 -28633
98757 68160
82938 9474
13079 -82551
78152 -44264
-98412 67454
-63201 -55679
44777 45278
-21453 25332
-81360 65861
-41830 -89553
-67203 66114
56804 30583
-41339 82914
40021 28643
85269 -32133
-58439 -84407
-17201 77043
-2098 -34246
-1783 24232
-77712 76237
94448 -52085
71011 3670
81160 -77791
-70579 -29995
-25331 -23842
-49511 58024
75837 -28125
-38726 14692
833 -13889
-81009 -64474
55602 20658
2549 22445
-64592 73366
73588 -54517
-30724 81589
6498 -75448
-42676 -9340
83913 -16285
-88551 80689
-36122 60045
-69313 -82806
-76921 -12909
-48243 84548
94616 32920
84235 -71805
23043 -61068
-66963 -38675
-59657 -79194
-81436 97376
-47579 17024
-63571 -80365
-97394 96473
65000 43808
48621 -96838
-88365 -90568
-14118 -39546
-90921 34499
75918 15968
10648 29213
-97949 -39211
23086 16200
61580 80318
81365 -22812
75009 -47745
36156 -30820
-99578 83098
-89242 -48333
-48198 -41092
-57178 -19036
50580 80577
-76044 -96806
-34245 -13581
68717 57732
-3576 -42494
-83489 -76516
-29240 64353
86748 -5071
27720 63348
-24202 75187
-81445 -63709
1142 20373
84532 -32519
67159 17425
99550 44928
83286 87845
54621 33769
-89204 -20736
-87074 -24654
-83575 -64789
90220 -37900
46350 -27880
-18336 45857
33789 -95237
41042 40450
-27848 -40608
-11328 -5669
-19904 41402
-17043 -4087
4984 -29365
7208 14416
86667 -62263
-99036 -84477
-12466 -496
95074 -45515
-43249 -6682
-48299 -67723
-48615 -2702
38100 33061
55345 31468
-61095 -90968
-51007 99737
-84899 60573
93347 -7970
66776 76307
-63243 63015
29991 -75649
-70887 -76781
-5066 -60955
-53505 52006
-85818 8884
47910 -96853
80091 47359
68506 86991
-27295 -26016
22971 -29041
88318 20743
78817 -49360
9252 -97892
-68952 5789
24977 -32122
-32139 -63284
-97364 -64944
-93866 -36038
-80989 -71979
96987 27604
80537 -60613
-13486 -6798
-27125 93081
-49956 71215
88606 -34568
-42071 -59295
46699 -76299
-68821 -82943
3550 -1641
62742 -34778
1374 -52197
71940 -45768
-80452 -74023
68241 -24975
21213 8011
-39532 -93974
82956 -8518
98027 71321
57397 91467
-31778 -81772
-63565 -42152
-5817 -83215
4204 -80516
-73259 71664
-34570 -99609
42010 22932
75466 -14534
-70579 3165
56352 48204
27955 -12658
-1698 -55481
-39875 -99408
37841 72930
-70693 -14423
63616 -88706
-37622 15381
7039 87554
-46683 95455
-52136 49287
91399 83482
65173 -48733
87296 -32937
31232 -47165
-30522 -43328
66306 -97302
-31224 -54353
-67244 -69198
-11728 -90373
-9760 -47113
90554 -77155
-73529 43646
-3631 -14934
-41542 19304
91988 72176
-83403 -61756
-24317 24922
58875 -34394
-13471 -21971
-84155 81159
16234 -54017
-143 99374
8807 63871
-89627 -78420
-81171 87602
-66035 -58706
58670 85068
-1834 2387
666 -2947
27813 -84425
-96184 4083
58859 -99734
47509 31469
-6633 -61672
14944 -61705
-97243 91683
-1688 -73752
-47876 -61461
-96450 -1438
53768 -65051
-83596 -11950
-62391 5668
-9804 61438
-20685 21069
12633 -24578
74181 -86960
77804 74767
-70120 97405
55902 82673
-68160 62656
21115 71334
47337 -72876
-5925 88270
20427 -39734
-4471 -36421
53476 31535
92430 20753
-27443 -4079
-82836 -51639
23841 -8267
-40037 -89584
33810 -47015
-16253 68804
-42547 -95576
-58405 -51830
-53889 39883
1354 -5574
78063 -6241
-74055 35196
-71945 -19390
22297 -74014
-3269 -1328
54972 -75809
94220 70454
-52805 -60503
-24156 -81945
49501 42940
77227 -57404
92431 64641
-48363 -50270
37345 99604
-63595 92211
-6165 91404
-5189 13073
43236 46017
44200 -65885
-91354 -12685
49651 73565
-78009 53514
-73298 -63008
51340 10141
-54594 83754
-88539 -45933
-86109 -11524
71188 21903
75361 92252
-51729 -51402
-13910 47672
-80446 -55270
-82829 -69261
66839 57438
36363 -56336
76072 47972
94724 -15966
4427 -16663
-90456 -50745
15354 -16510
-96255 98030
40773 -23623
-84637 49910
-22269 49388
-10025 -84046
5194 -89531
-16134 18196
-30076 -97162
79964 93757
87189 -52616
-40836 -79402
-83507 2203
13939 -5055
-40588 -77000
-60091 -83080
48440 -5489
-59409 54273
-69841 -8837
-62577 -20750
-94624 686
-94433 -14213
32718 -51070
-33441 -17268
85965 -50105
-55788 42211
917 47330
30588 28892
-68652 42467
-3092 -10293
-23306 -314
-45726 -39537
-74058 31257
98608 -2967
83599 -24032
-41871 53771
-90803 19807
31789 68107
-97035 -62953
85779 3528
42390 79863
57301 82709
99379 78430
84328 41992
42240 -52555
-47230 31055
-35028 -24713
-97387 96855
529 57038
25707 -75801
-41124 42198
-71446 53403
-7318 31399
36980 99577
92185 39397
82301 -41352
-61795 -47014
-51526 -12265
59465 54054
-33899 -82022
71463 -7475
54565 -24225
88327 -82499
-12098 77668
42976 -14185
2144 72291
23068 51580
-31308 -22524
74134 -75545
-23071 47396
38755 62991
-39614 -89100
20831 -93647
93625 22737
-25504 -55195
84482 -17786
62062 -26340
13015 -77109
66818 21910
-36013 -52037
96610 96795
95907 59257
10789 -93318
67125 -64068
-81708 11574
26007 81190
-61748 27311
51876 62749
75295 -44681
-68260 -76506
-64350 -20413
-2473 -93373
-32567 36826
-46099 -82150
-65175 66576
-53148 -54324
19280 -98744
-29644 -26215
-92289 96106
-84959 16029
62517 -38777
76856 45768
41638 73792
72129 58074
-14718 79709
65528 53484
27352 -38975
-24799 67704
-38446 69398
221 17701
-66062 16738
2939 -12590
79194 70626
-83728 11820
3290 -709
-65486 92178
69428 -30981
17206 -93601
-16234 11347
20674 27361
-54028 70369
66729 -88866
76616 -98789
78655 78027
-28130 45662
-55694 -40203
-19189 -37804
-30040 -49424
16131 32443
-26810 -89915
56018 -28733
96617 79530
11094 95822
969 -24380
-1598 -32119
19976 34776
56061 -937
59913 -29347
73564 -65399
5053 -6511
12549 -78462
35174 32208
-16121 24965
90563 36838
69820 11711
87030 -60040
58688 75940
1275 -91879
-81208 -12166
52933 74453
74836 -6926
90650 75796
74536 23056
70089 53556
-24214 -37546
78317 -15928
-7440 45836
65180 75541
19148 -8051
43573 -49524
80580 -50803
-66256 -62325
-67483 -10589
-61961 -52784
-32216 86825
42693 -82050
28633 56861
98430 -967
-29505 -41452
3 -56131
6698 -83738
52648 34314
-62733 44335
-71218 52362
70672 12067
72909 92468
-70031 -28842
94609 59233
-56742 -5521
45594 67032
6855 -74303
18792 -71301
46976 5306
6114 41488
10443 -22221
15068 -2735
-76017 95467
68322 -6450
-24783 -80665
65613 -87271
19635 2861
57668 28717
-83894 -34050
-27827 -44011
47649 99387
-73533 -99618
49728 -49902
11874 -5952
60937 -61956
48429 93020
23290 -967
-27981 42365
62649 -23914
-24612 33334
-98570 46240
26222 61746
64614 -94139
-88841 43255
9577 19395
6139 72861
-73534 62566
32183 11309
-12286 -3358
-80572 26729
-25045 97759
54581 -53678
23287 -55086
78152 82630
-66246 23382
-97538 13171
20577 38476
-16706 -147
-22396 -44403
-60686 1620
78960 54060
-71761 -46278
55122 77266
26643 30638
-26969 -14176
-20761 -28495
51348 84466
7705 -94775
40058 -14249
49819 57223
51893 -76078
40876 -4797
-59555 14003
13385 14357
-51393 11567
76256 77401
-32338 92488
-53789 88912
-48156 27734
-60818 -26449
26744 -31349
-70370 18739
-89105 76691
-47000 -75295
-927 -95108
-85775 -65794
50352 47496
-30630 90926
-56790 -40014
84940 95092
-60287 95403
-25985 -13921
79277 82532
-11417 -13977
71858 -82974
-30247 731
-32546 -85656
-5401 34324
-16220 93867
86224 -42355
49959 -90768
-21852 6402
-33206 -71714
53676 56444
21475 15595
65695 21922
97573 -95227
-24152 -64471
6661 36373
9147 85435
40866 -49833
-7200 46869
-27182 42895
-20442 75227
92157 -94336
-61062 52495
-16294 23891
-13982 75268
53498 -78754
-76903 -96072
61810 -57594
19929 -81444
56260 61450
-27103 72340
53132 -65074
-35624 29226
-55049 -39463
-89060 -89530
-85599 -86163
-54739 -4107
-23854 97572
80260 -25166
-89299 80616
5138 -4162
-1551 -51033
-18093 -11440
-35727 13827
-3306 -67811
-74290 33464
-89748 -14417
-26413 -76641
-30612 -9781
59188 -42899
78082 3893
23940 56685
-55819 58137
19314 -50812
-22389 -89941
-76652 90637
59170 78596
-75974 -32319
-82642 1494
-74412 -64153
-86584 57864
-70849 -78606
54804 26570
98983 -89786
146 -239
6066 -4393
89331 47539
64672 80201
965 -82017
-83905 48170
84225 1324
-85533 -63467
-42280 45686
17019 90973
-81138 -81731
-92993 46727
-50006 -95649
14455 -96030
-41304 -28418
-77005 -84528
-85031 23262
51246 -32019
-55313 -67107
-42535 -75289
-87721 -10339
-66482 90836
65356 -61120
-79685 99753
83659 -81471
-90098 -29487
-70940 93476
-13463 -21731
73377 10841
-38260 -97960
96693 -99861
-21056 63970
-8968 -10304
65805 85425
-50846 -24024
5491 38048
-65842 -77174
38720 -13029
21057 45031
-17984 -57824
65888 -54076
-51301 -50707
-19849 -87864
17118 67640
-5083 79079
20971 -27006
-98862 91765
20642 -45511
-79482 51232
-4304 37301
-89270 -38800
63159 77787
-60919 76957
24326 -24213
72674 57154
-99441 -77503
-33642 18924
-37416 96980
-88662 -65632
-6311 -28109
-86118 -58372
273 -36958
-13998 -90230
-69435 12179
96800 -57441
64351 -16477
-32606 -64861
-32360 95075
41245 81511
-93925 66074
-51667 -18634
-41909 -76442
59037 -41864
73025 -28513
61237 54615
-76275 -33853
-14643 18761
29568 -87811
23904 -77060
70342 -42449
-95228 67893
-4628 -10791
94655 19372
770 -55911
80152 -75121
57749 48290
-46073 31082
-56602 -34329
-75613 20448
14695 60772
95543 -16604
73713 -79977
15509 84761
-13957 91676
38502 82128
-82587 -32732
81452 25654
-75571 72601
-28107 55763
-52897 -67894
81611 -21597
-88905 67646
-74824 -12717
98384 -96479
19113 42110
-43584 99544
24876 26421
46275 -72427
-35792 1372
46874 -68610
82152 17223
9905 4389
44061 -71589
23286 -16763
53950 -52062
-58454 -52668
79437 3077
-83273 53996
9061 -75633
5895 79011
23042 12512
33757 -89356
-85897 -18136
53734 -71202
-46902 -41515
-60500 11137
43686 8064
48315 -42103
3704 85889
90687 47351
54916 -49021
-2224 651
99780 -27670
9228 -58916
-96336 -35
30753 16090
-7262 6839
-6649 -44108
34478 -75471
-94424 60452
89946 -72965
-56270 -86500
-80461 64566
-45800 8782
-3801 -1077
-75706 36479
60596 -91477
71489 -21638
-37096 53173
-2559 8923
41169 -97941
-11970 -5853
-96719 59081
18962 5023
-26808 -70726
24737 43542
87823 71925
58586 -56107
-24535 97076
-98992 -4245
72076 -8199
-51594 -69347
59586 91517
64990 33307
-35553 13226
-51296 99623
-41811 29014
-89098 -41882
-63739 -62
-33047 33513
47973 55855
33913 -69181
-37474 -87755
-67602 61318
-71592 -6649
46959 66488
-90706 15199
49362 50530
-39386 -380
92736 76184
12133 3591
-48521 16444
13084 44613
79848 37097
25854 98308
46347 81542
81796 -21994
-30892 36412
94605 -88865
-3913 -62251
-52196 -15676
-8911 -72045
-8213 75690
21974 33898
-44661 -99426
-16347 40327
-45307 -28359
-73400 74103
-99614 14456
22417 84056
-55730 82946
-33237 5732
-54677 -44985
-70107 -96485
-30067 -3574
13018 -91283
79068 62098
96135 -55365
59795 31125
-41522 -36056
-38519 -73660
-60202 -14331
38706 -36536
28533 -45866
57981 1607
43296 75413
81529 53659
-82685 4302
