41 25 210 180
40 117
-35 24
56 -124
69 -24
-104 -42
-16 -9
-37 -13
124 118
28 7
46 41
-113 51
-9 111
-79 -14
-96 -46
30 -4
-18 90
-79 -34
119 -103
69 -100
-74 122
66 34
-99 108
-122 -20
-44 -121
16 -11
-23 -73
90 -83
55 59
-46 106
-42 -60
48 93
127 24
66 36
45 39
-29 100
-52 97
-68 109
-93 13
16 54
20 86
-64 98
-84 78
29 98
-93 28
73 86
-57 -55
-101 64
-2 70
51 26
-15 61
-28 53
49 -113
-36 -106
65 110
95 104
111 53
44 7
0 -32
-27 104
-53 -66
-69 -33
39 -120
-77 83
-46 119
27 94
-111 -76
92 23
-51 21
33 -82
-26 12
-102 33
-18 53
59 -63
8 -18
-116 0
-92 120
-55 99
-43 110
23 95
47 -76
-61 107
120 -89
-59 -104
112 -85
-115 74
-91 -34
-83 -101
64 -104
87 -33
-116 100
17 93
66 -73
-66 -124
74 105
-109 48
-104 -5
-18 -120
-57 93
-50 -37
43 4
101 5
43 60
50 61
125 81
64 -69
-123 -38
-7 33
22 -80
104 111
92 -124
86 -17
111 -105
-54 50
-37 25
56 67
-61 -24
17 -57
-13 -92
64 -5
34 124
124 -23
-54 -70
77 -48
80 -68
-59 -104
-91 81
-48 93
82 94
-89 119
22 -98
62 -2
2 -34
79 35
22 -49
-72 22
100 -57
-91 -59
67 -103
-60 -81
-55 -34
-7 99
-75 28
88 11
42 -34
-12 -64
-15 -25
127 -81
-8 8
-99 -51
28 -104
19 -48
-42 -118
-35 71
26 126
-127 -43
122 -91
23 -22
92 86
-83 -81
118 3
-108 69
55 53
74 21
-62 -16
83 104
55 3
-82 -14
-22 -13
5 -39
64 42
44 53
109 120
-58 100
65 -82
103 -102
-114 37
0 -65
-80 13
-76 -72
-108 -52
