38 -3 68 178
-8 89
27 -10
108 -121
-34 95
72 70
91 119
-62 -33
-61 -15
-65 -124
-3 -80
-124 53
107 100
61 -49
125 104
-114 106
102 -73
-15 128
58 -58
-30 96
6 74
128 -71
-61 -30
-118 73
-107 95
-32 -121
-43 77
-11 -59
120 -78
77 -82
-9 98
-90 114
-107 -23
0 -128
27 -51
-35 -31
-70 41
-60 116
-15 -32
114 -122
91 15
27 -73
126 122
-17 -127
68 54
-121 -111
-65 -23
121 -2
109 -36
-100 90
91 79
96 -54
-72 -95
-89 -7
79 65
-109 -83
-65 -43
110 -122
125 -20
37 -117
38 -79
99 62
-60 -124
75 -38
73 -42
76 83
92 -4
53 116
-51 -101
95 -26
79 105
81 -65
109 125
81 121
-60 -51
91 -35
-61 102
-110 -117
30 56
58 29
-94 5
113 -91
-38 53
36 3
-77 10
-103 -84
49 -91
-9 -58
102 -105
-8 43
41 -94
52 -14
26 50
22 5
-34 53
-90 112
-78 -55
43 -47
15 -2
110 -100
-128 -18
-30 -113
128 -8
-128 -100
12 45
-86 36
-98 -35
93 76
-95 -95
-114 -52
92 17
-74 -112
-58 -29
6 -46
48 -43
-88 60
113 -66
40 -17
-62 -16
-46 -96
-32 -100
37 125
0 38
100 40
11 83
18 -38
127 -110
106 -106
99 -36
16 -30
72 72
-29 -106
87 -7
26 -113
8 84
36 -124
78 -26
-106 -23
1 -104
31 23
30 -91
28 65
123 70
6 -110
5 128
26 58
40 100
-88 0
-114 -61
27 51
-84 -72
36 -93
-59 -52
73 -17
34 -126
-95 121
-82 44
0 -54
119 -19
40 -77
-121 -3
72 92
-83 87
56 13
18 -28
-33 24
82 -97
-16 114
38 67
-54 6
91 -40
1 111
-55 128
108 78
-5 -47
-5 -13
53 125
2 -82
21 -6
