-57 104 196 193
47 -104
17 74
46 90
-11 -94
-11 11
-18 19
40 -3
75 119
-126 -69
-28 -23
-127 -78
6 -80
-59 95
-48 118
-94 -22
-1 -79
-53 -75
35 -75
5 98
56 -6
2 126
-15 25
-58 24
-47 88
66 -105
2 103
32 106
-37 -48
-49 72
49 51
-95 -40
4 75
6 75
-88 -22
80 -32
-57 3
-79 86
-77 33
101 12
91 -75
21 -72
-17 -100
103 -67
-126 69
-11 25
55 32
87 123
-66 -72
-39 47
-105 50
66 -99
29 -3
128 -31
82 -78
72 41
-112 13
92 16
109 59
-32 -27
-47 -53
-57 -97
58 23
15 -99
11 -35
24 -55
23 21
64 119
120 110
-120 14
-36 35
75 -80
5 -43
19 13
22 -6
-80 127
119 70
-25 -124
-1 15
34 -33
-100 69
-56 -100
117 81
6 -69
-116 15
-57 -4
-78 -41
77 -65
2 36
60 -104
-106 -82
69 117
66 114
-105 -119
-60 38
-121 59
-95 -76
-21 5
97 -54
-44 -122
-58 -112
-52 -50
70 58
64 20
50 45
71 -104
3 -22
-47 112
82 -103
-75 -69
112 80
-81 29
93 -52
-90 -13
-97 37
97 79
110 63
7 -18
-63 87
65 -94
85 89
-11 -25
-110 -79
-104 68
-49 -17
76 4
-79 119
121 -111
88 9
97 108
119 70
-94 103
13 119
-10 -44
-72 -3
94 -45
68 118
120 -112
95 62
42 81
-38 91
-128 -36
10 19
1 95
126 68
117 87
-23 -106
34 88
105 19
56 114
71 124
75 127
56 63
36 92
79 -46
-35 -39
-36 -74
15 104
-27 28
99 71
-65 -123
-12 -15
96 31
-75 96
-20 -28
125 -101
-77 21
-84 117
-39 -50
59 65
-100 81
-93 72
-100 28
-17 -123
50 116
64 25
-54 -106
2 7
52 110
-121 3
-103 -25
13 21
-117 53
-120 87
-112 -89
-102 -88
-15 9
121 -25
34 93
-83 -58
106 78
51 91
69 -71
0 109
