8 -127 106 88
-111 -81
56 28
42 16
-88 -27
-46 -113
-62 -14
8 -115
116 -80
36 -11
100 104
-27 -105
-38 -115
-43 17
-45 17
61 -110
-5 -105
-36 20
-35 109
-75 -12
-97 65
-74 17
-62 45
15 97
88 100
78 -87
-123 31
-32 35
53 -95
-21 38
-86 -51
-6 97
20 31
38 17
-25 37
-88 -90
-39 -26
105 -61
-14 39
-57 -74
-119 121
-100 -66
-70 81
103 -21
117 8
21 -22
57 104
-92 38
14 107
-74 24
-40 -4
51 45
-102 3
24 -10
-118 6
81 -51
122 -59
109 89
-104 48
-116 -19
92 -120
-34 -117
-69 117
12 109
-17 53
106 -124
-37 79
127 -60
36 69
102 119
-26 -45
-29 20
95 -85
-73 -86
123 44
3 119
-82 -105
68 -21
42 44
-3 44
26 -67
-101 35
-95 -58
-82 -75
-38 -127
-48 52
42 -64
106 -69
128 113
