-75 122 13 144
-60 -82
122 3
-74 -112
73 -123
-82 -123
-109 -7
89 -43
81 -20
-113 126
-124 115
21 6
-5 80
-12 4
-64 65
-74 -105
-78 -54
-102 113
-3 -125
117 102
-111 -83
93 69
-115 75
-15 61
-121 87
-46 -79
-125 -34
-19 93
83 120
-22 44
39 -19
-6 121
-123 2
53 -45
-2 -66
-92 -46
79 55
71 -85
-58 -102
13 -79
45 -17
39 65
29 -10
97 102
-81 80
67 -30
-42 -114
-22 75
-31 -78
90 -83
-119 22
-22 -60
-36 -28
21 56
-115 -122
-98 23
10 33
-122 96
-84 -99
0 -71
-45 78
-124 48
6 19
25 15
-100 -72
29 -18
91 63
82 26
-116 43
63 -53
75 52
128 -1
125 -8
18 55
110 -29
-48 116
125 57
71 71
127 -8
-117 46
-76 18
-46 -17
-127 -57
11 104
-35 -84
-73 -117
-127 -83
-92 -77
-102 29
-82 -90
53 71
76 22
70 -86
37 17
-77 -40
76 -66
-97 60
13 25
-85 -47
33 54
8 -111
45 94
81 108
46 108
88 -19
-99 -57
-100 -123
106 -124
121 -15
-128 -117
-43 -114
-124 -60
63 72
120 84
98 18
-108 90
-12 47
24 10
-62 35
-56 64
-104 -63
118 -16
89 2
-98 84
-31 -85
27 88
-93 -82
-14 -109
49 73
101 -99
119 -65
-47 -16
-94 89
66 -103
20 3
-47 -4
0 -39
36 -82
-57 -74
2 103
70 79
-120 70
-53 -8
-52 -123
-79 -31
