-14 -59 64 71
13 -58
-59 37
-31 16
-53 102
34 -127
4 73
1 88
-83 29
91 74
82 66
-122 99
-20 -79
118 14
-93 44
-49 119
-36 -106
-8 -70
-43 -12
-125 -30
89 -53
123 -11
122 125
36 -124
-6 47
-7 86
-10 -71
-52 -13
11 -29
-91 10
23 -81
-40 -105
-62 127
-36 71
111 83
-66 -84
-108 -55
76 16
-61 88
-9 100
-9 94
-47 -16
-9 -18
75 45
12 48
-2 -127
-14 53
85 -16
-16 6
108 4
42 -120
-33 1
-45 -92
-79 15
77 -65
-100 62
100 -29
59 91
-26 127
-114 73
-8 -60
-108 -111
19 73
-59 106
7 -125
-128 112
20 -61
-12 21
73 29
-20 -127
-68 -68
112 79
