63 -119 175 133
-5 -58
-122 110
-18 62
36 28
18 10
-59 -125
-18 -126
25 12
-84 13
4 -90
14 34
-78 97
19 16
-53 40
28 45
-105 120
-20 13
-89 14
48 -84
-75 -22
-54 -68
-28 -31
25 -70
80 41
-22 76
52 -49
-36 -84
-50 -17
75 27
-46 -38
101 107
86 96
36 -42
103 78
-77 21
34 -127
-19 -85
54 19
-46 74
-95 32
-51 -41
50 -77
-56 -113
110 124
-60 -67
-73 -123
105 -8
38 4
-19 -125
-89 44
103 23
-83 90
-17 -22
-97 124
82 63
121 123
5 -58
-112 -103
55 86
-43 126
99 80
-118 -2
-74 71
-109 23
46 -128
-44 92
87 114
-52 -43
68 121
-77 -125
62 57
1 -49
-52 -104
-51 -58
6 59
-60 -89
-68 48
-17 -10
-23 -45
-23 36
91 115
-116 -58
-64 -101
106 -87
-54 -69
-52 15
82 -82
43 97
44 121
-62 118
98 26
-7 -96
-9 48
-90 -84
125 -8
-103 -97
-23 -104
31 106
118 123
65 -62
109 18
94 102
-110 99
87 -96
84 93
-49 102
89 123
-55 -53
117 -120
-55 -41
-43 -115
105 61
57 -91
-3 -124
-69 -68
109 19
-37 33
13 -40
-10 75
-93 24
123 -48
-111 123
91 25
53 -7
-101 -78
23 56
99 -95
120 32
-72 14
96 -122
-31 25
-49 88
127 23
