-52 92 1 201
37 110
-14 -27
-37 34
34 52
-98 -117
-57 -65
11 -34
2 68
-86 -116
74 -13
-41 77
-18 36
-116 15
-73 2
-25 -58
22 16
57 123
-73 85
-53 50
25 -48
-35 62
-111 -2
55 -17
-83 -126
21 69
77 -9
94 14
-114 -44
93 -79
-17 -89
69 109
22 -94
28 -70
-53 34
-89 99
115 -88
-75 41
91 -32
119 89
1 -108
-78 -66
45 -56
52 -127
-13 53
99 40
110 -120
-125 92
-38 88
-40 -100
-9 0
99 99
70 -87
73 -66
-101 -9
-78 -57
61 -86
71 -32
-105 -32
75 -49
115 -71
-24 -28
-84 -43
-26 79
-77 100
52 39
-119 -67
76 -45
1 -87
68 -113
-124 51
17 -102
-90 111
128 -58
-109 106
58 -43
116 -36
-108 46
28 34
-102 124
45 83
8 -98
-15 17
44 -98
48 124
-39 -51
-124 -37
-122 -53
80 9
-109 -112
0 -1
-19 72
-33 -73
-123 11
-13 93
20 -123
-34 111
41 35
-16 87
55 101
24 46
-46 29
110 82
112 -49
108 -75
-73 -105
-35 26
-118 -29
31 -61
1 -87
-29 -49
-31 12
-39 70
-127 36
-103 95
-89 -98
-43 -91
-45 21
25 16
124 68
79 123
-100 -38
115 -38
24 -91
-90 108
55 -104
73 74
9 -67
2 127
12 66
-122 81
43 23
26 -53
125 -83
38 1
-38 97
-122 25
-25 -118
79 -86
96 -7
-72 63
-125 -44
115 -121
51 -9
-57 -59
11 -110
115 29
-104 2
87 106
-52 -36
64 -111
-92 -65
5 -96
29 104
95 -15
-67 54
115 117
122 71
-62 -80
71 83
-43 104
62 -125
73 -127
-71 -15
119 82
12 13
43 -82
81 -74
3 -58
-26 40
64 -125
-15 117
87 85
63 72
-70 -38
69 -128
-24 100
-23 20
-53 -85
-83 6
111 76
9 -71
-25 -103
108 50
82 47
-101 118
57 9
-28 -110
4 -41
96 51
56 -84
-71 -51
41 -64
-99 71
-17 49
-112 -85
-90 53
52 128
67 -20
-41 -79
-8 -70
97 112
