-14 -48 83 99
-75 23
127 -5
-93 -33
105 40
36 8
45 -27
107 35
-17 126
-69 117
63 -117
-103 113
-32 7
67 -59
-16 40
-60 38
85 89
-124 105
101 49
-114 -61
-23 -9
-119 106
-86 40
60 70
77 -121
33 49
-89 -82
-72 -44
46 -86
-61 47
-108 -124
-118 -87
-61 39
-107 107
-69 24
-57 61
99 -26
45 85
-66 -42
52 -16
1 63
123 29
-113 -7
-124 30
-96 -39
65 -48
75 -68
124 -87
-61 -58
29 92
-108 -40
10 17
-67 101
82 -8
76 -89
-111 79
8 10
-46 66
10 -11
109 52
-45 -70
-60 -67
-36 -41
120 65
24 70
-23 116
112 99
-26 10
-42 93
90 -33
92 70
27 -109
62 101
-31 14
-101 -108
64 -24
-110 -28
69 85
76 -53
89 -18
17 -116
-123 80
105 125
113 -37
-8 -85
12 75
-58 -44
76 30
-114 -39
-104 114
83 -122
-54 94
18 32
-42 69
-125 -63
8 92
100 115
99 -120
83 117
-14 35
